tree
version=v4
num_class=1
num_tree_per_iteration=1
label_index=0
max_feature_idx=44
objective=lambdarank
feature_names=Column_0 Column_1 Column_2 Column_3 Column_4 Column_5 Column_6 Column_7 Column_8 Column_9 Column_10 Column_11 Column_12 Column_13 Column_14 Column_15 Column_16 Column_17 Column_18 Column_19 Column_20 Column_21 Column_22 Column_23 Column_24 Column_25 Column_26 Column_27 Column_28 Column_29 Column_30 Column_31 Column_32 Column_33 Column_34 Column_35 Column_36 Column_37 Column_38 Column_39 Column_40 Column_41 Column_42 Column_43 Column_44
feature_infos=[-2.0552542957449904e-14:1] [-0.57446807622909546:3.6000001430511475] [-0.76222223043441772:4.3454852104187012] [-0.91434001922607422:7.9078755378723145] [-90.938346862792969:82.480072021484375] [-0.86749875545501709:5.6083502769470215] [0:20] [0:1] [0:167.0557861328125] [0:12.648478507995605] [0:1] [-4.2449569702148438:4.2485289573669434] [11.859999656677246:82.69000244140625] [-0.17969310283660889:0.17358152568340302] [0.0055803572759032249:0.88169640302658081] [-0.25682055950164795:0.17849241197109222] [-0.90675675868988037:7.8831806182861328] [0:100] [-0.98827654123306274:1.6191390805301594e-16] [-1.5511921039107132e-14:8.7333707809448242] [-0.45483872294425964:2.5742342472076416] [33.466995239257812:84.1339111328125] [-3.3418434035661915e-13:76.449996948242188] [-1.1595212738915988e-14:0.88169640302658081] [-6.1443977355957031:71.458831787109375] [-0.14289499819278717:0.14824838936328888] [-0.54470336437225342:1.6180340051651001] [-5.6267218589782715:47.260601043701172] [-76.186294555664062:2.7023432099757818e-15] [-53.814563751220703:84.9705810546875] [0:7052.30126953125] [-0.10990441590547562:2.1493351459503174] [-14.489340782165527:9.3629293441772461] [-0.98827654123306274:3.9840909358155262e-17] [-1.2579510763404637e-14:1] [-0.66390049457550049:1.6792451143264771] [-0.89999997615814209:2.7242791652679443] [0:19.740568161010742] [-0.48571428656578064:1.0516778230667114] [-1.7888543605804443:1.7888543605804443] [-1.7888543605804443:1.7888543605804443] [-1.7888543605804443:1.7888543605804443] [0:1] [0:1] [0:1]
tree_sizes=3450 3606 3516 3470 3622 3589 3588 3540 3394 3548 3587 3612

Tree=0
num_leaves=31
num_cat=0
split_feature=27 27 18 20 22 20 38 35 33 18 32 35 31 22 23 35 32 29 14 35 24 24 32 16 16 23 16 43 43 30
split_gain=16.9879 11.6155 5.00908 2.47382 2.44135 1.7987 1.5642 1.35329 1.59067 1.12184 0.977341 0.977228 1.29417 0.933987 0.859728 0.83907 0.83032 1.00366 0.700993 0.595292 0.548113 0.507506 0.482455 0.37899 0.336115 0.103325 0.0962578 0.0751297 0.0198923 0.000337019
threshold=-0.013485490810126064 0.0083867590874433535 -0.40831865370273585 -0.020234037190675732 13.837181091308596 0.014740064740180971 0.010216546710580589 -0.091071091592311845 -0.18440484255552289 -0.029905270785093304 -3.225839257240295 -0.040433015674352639 -0.012279548216611145 23.171358108520511 0.0070625557564198979 -0.0082624587230384332 -0.40736727416515345 -0.67196473479270924 0.24246652424335483 -0.030508466996252533 -0.0031501677585765715 0.014963570050895216 0.55488267540931713 0.071189150214195265 -0.15457236021757123 0.032180069014430053 -0.04437724128365516 0.93419429659843456 0.9771079719066621 1698.6824340820315
decision_type=2 2 2 2 2 2 2 2 2 2 2 2 2 2 2 2 2 2 2 2 2 2 2 2 2 2 2 2 2 2
left_child=7 2 16 14 9 21 -5 24 11 10 -3 18 -13 -7 -4 19 17 -2 -9 -10 -18 -6 -17 -11 25 29 27 -26 -27 -1
right_child=1 4 3 6 5 13 -8 8 15 23 -12 12 -14 -15 -16 22 20 -19 -20 -21 -22 -23 -24 -25 26 28 -28 -29 -30 -31
leaf_value=-0.00032430444582798567 -0.0011452911373560314 -0.0030914887210263873 -0.0083823536604399982 -0.012133605172513148 -0.012264700382039936 0.0096066270486916561 -0.0026133950519092349 -0.0045842674406283415 0.0073069982066615059 -0.0059259706752346842 0.01481878833121986 0 0.026512639454547023 -0.0027822653334526474 0.0064648987751226468 0.014954923216264807 0.0075975386172986437 0.021275975783774641 0.010517178931136177 -0.0046717375554488558 -0.0064244855709257491 0 0 0.0053475845774674782 -0.011411296927444884 0.0070222812558664955 0 0 0 0
leaf_weight=2.5635985128465126 6.2931046092126044 7.3678422745433627 15.288183389115146 846.13724633601669 58.622280525363749 109.5364944235771 208.1051549952972 13.952199129271319 35.575718957377831 24.156545986697893 275.2829833572323 10.057992065034339 179.81673850677907 42.163656984863337 90.022632734981016 80.505887587729376 19.766267083236016 35.346809957496589 29.895437036990188 45.733882755594095 21.215255520073697 20.008265410957392 10.667340876068918 22.723154412698932 6.1562900694843847 3.577986974385567 0.80786714289570039 1.3130878691736141 0.7439002550090662 1.5452820598147807
leaf_count=747 1847 2662 6356 351997 24366 38386 84958 4727 13401 10962 96813 3944 60659 16288 34301 30776 6799 10472 11074 19443 7932 7708 4142 7890 1915 1138 332 511 275 533
internal_value=0.000808926 -0.00288296 -0.00759774 -0.00916618 0.00728487 0 -0.0104459 0.0161496 0.0171727 0.0118697 0.0138095 0.0221646 0.0249575 0.00562613 0.00239061 0.00811907 0.0106921 0.0169653 0.00414714 0 0 -0.00905222 0.0130375 0 -0.00156566 0.00322622 -0.00881517 -0.0102404 0.00649015 0
internal_weight=2224.95 1802.04 1242.17 1159.55 559.861 230.331 1054.24 422.913 406.205 329.531 282.651 233.722 189.875 151.7 105.311 172.483 82.6214 41.6399 43.8476 81.3096 40.9815 78.6305 91.1732 46.8797 16.708 8.43077 8.27725 7.46938 4.32189 4.10888
internal_count=863354 709737 504662 477612 205075 86748 436955 153617 148166 118327 99475 80404 64603 54674 40657 67762 27050 12319 15801 32844 14731 32074 34918 18852 5451 2693 2758 2426 1413 1280
is_linear=0
shrinkage=0.0873782


Tree=1
num_leaves=32
num_cat=0
split_feature=44 44 24 24 7 21 44 35 33 3 33 43 25 33 2 38 39 29 36 21 36 10 43 21 42 36 21 4 40 18 44
split_gain=42.2563 10.0375 7.82082 7.52425 5.92084 7.41818 6.49965 5.87375 4.46497 3.38396 3.16048 3.0875 3.07596 2.89938 2.80977 2.92383 3.36055 2.68518 2.54551 2.40044 2.27135 2.16391 1.59262 1.44276 1.09801 0.533831 0.500394 0.462446 0.250279 0.110473 0.0452703
threshold=0.76565971970558178 0.43080204725265508 -0.053637929260730736 -0.031697947531938546 0.67293253540992748 41.246416091918952 0.85166472196578991 -0.01749424077570438 -0.31676375865936274 -0.093175258487462984 -0.1869193688035011 0.4088964462280274 -0.00077687797602266062 -0.18938705325126645 -0.043094690889120095 0.012745120096951725 -0.65802878141403187 1.1443815231323244 -0.044516671448945992 42.662012100219734 -0.15404996275901792 0.87492588162422191 0.90282425284385692 51.327535629272468 0.023729760199785236 -0.0036523377057164903 52.746761322021491 -43.608186721801751 0.93409785628318798 -0.17404744029045102 0.30084352195262914
decision_type=2 2 2 2 2 2 2 2 2 2 2 2 2 2 2 2 2 2 2 2 2 2 2 2 2 2 2 2 2 2 2
left_child=1 9 13 14 6 21 18 -7 11 27 -8 -4 -10 19 17 16 -16 20 -5 -3 -2 -6 24 -17 -11 -19 -24 30 -29 -15 -1
right_child=3 2 8 4 5 7 10 -9 12 22 -12 -13 -14 29 15 23 -18 25 -20 -21 -22 -23 26 -25 -26 -27 -28 28 -30 -31 -32
leaf_value=0 -0.0019965603978760048 -0.004440122574037514 -0.0071491047987411026 0.013274657508316887 0.030466525260744979 0.007077906058999551 0.020938512246870808 -0.010870991161518028 0.0066466199541353266 0 0.0039808389479820561 0.013439522325084392 -0.010535955321946906 -0.0080665591174504756 -0.019504064879554747 0.023978454791619523 0.012683882728859888 -0.010876736201300065 -0.0064876464391682371 0.028081756715823955 0.028779916076004199 -0.0037636836353918809 -0.0072450271056274168 0 -0.02022133587805755 0.0051794212276510716 0.0041566183104905933 0.016481401561119782 0 0 -0.0037137210610018543
leaf_weight=2.7081292254151803 9.7979506795236357 8.065917313564567 68.571348094323184 44.808096331893466 47.918176837440114 204.56019252413535 360.13743727744441 329.03278220813081 65.514438423968386 17.89745934374514 144.83645685855299 114.32205345756665 791.83010117882804 9.5875438397633861 35.550814016329241 38.487501949508442 20.147044624609407 9.9565021427697484 165.66237222685595 71.708280654580449 244.17142934614094 5.5952221078914581 48.491065110181808 15.861189393530365 624.73306123100338 2.7812278777710153 19.49139582074713 10.293680192145983 1.930782586976419 9.2840829676715639 3.432265549316071
leaf_count=252 1274 402 4846 5920 1992 14559 25919 17867 12805 7393 57375 7180 250155 3189 3582 4607 1891 954 45248 5067 17320 252 22207 2624 333924 222 7833 1124 288 4151 240
internal_value=-0.000266675 -0.0092875 -0.00390638 0.0096941 0.0062298 -0.000132545 0.0114458 -0.00378834 -0.00630869 -0.0171918 0.0166468 0.00525528 -0.00896756 0.0170764 0.0204007 0.00573909 -0.00617905 0.0251824 -0.000962136 0.0234859 0.0271378 0.0254055 -0.0182681 0.0176324 -0.0196284 -0.00320288 -0.00256127 0.0090633 0.0141518 -0.00543755 -0.000366455
internal_weight=3547.17 1867.86 1138.88 1679.3 1302.55 587.106 715.444 533.593 1040.24 728.978 504.974 182.893 857.345 98.6458 376.754 110.047 55.6979 266.707 210.47 79.7742 253.969 53.5134 710.613 54.3487 642.631 12.7377 67.9825 18.3649 12.2245 18.8716 6.14039
internal_count=862662 661056 287795 201606 169132 34670 134462 32426 274986 373261 83294 12026 262960 12809 32474 12704 5473 19770 51168 5469 18594 2244 371357 7231 341317 1176 30040 1904 1412 7340 492
is_linear=0
shrinkage=0.0873782


Tree=2
num_leaves=32
num_cat=0
split_feature=44 3 3 43 8 18 42 14 41 19 13 7 40 18 42 14 35 40 6 22 14 28 18 28 42 14 19 14 6 42 23
split_gain=66.6525 15.6567 13.2359 7.36087 5.52423 5.41661 4.07768 3.92027 3.77331 3.61915 3.57314 3.50621 3.08129 2.64695 2.45388 1.99427 1.82031 1.21689 1.13792 0.993476 0.936872 0.910365 0.772659 0.54434 0.413034 0.321804 0.271021 0.223282 0.0822377 0.042741 0.0025837
threshold=0.72253644466400158 -0.13537330925464627 -0.067705906927585588 0.6550874412059785 0.90529286861419689 -0.36994361877441401 0.043271914124488838 0.54520088434219371 -0.47302985191345209 1.2646331787109377 0.037224177271127708 0.90732717514038097 -0.94282668828964222 -0.33344691991806025 0.89865997433662426 0.42271205782890325 -0.034204613417387002 -0.58347150683403004 1.172259569168091 7.8519365787506112 0.86300224065780651 -4.2053387165069571 -0.40325362980365748 -18.075132369995114 0.012004466727375986 0.43554687500000006 1.6521722078323366 0.27148437500000006 3.044364452362061 0.47319932281970983 0.062778960913419737
decision_type=2 2 2 2 2 2 2 2 2 2 2 2 2 2 2 2 2 2 2 2 2 2 2 2 2 2 2 2 2 2 2
left_child=2 6 12 4 11 10 8 -6 16 14 -5 -3 19 -7 -8 -11 -2 -10 20 21 26 -1 27 29 -25 -24 -4 -14 -21 -20 -22
right_child=1 3 18 5 7 13 9 -9 17 15 -12 -13 22 -15 -16 -17 -18 -19 23 28 30 -23 25 24 -26 -27 -28 -29 -30 -31 -32
leaf_value=0.028747326051683921 0 -0.0045412124720118378 -0.022993116681171166 0.019551161342354163 -0.00027660047741820659 -0.013768583212554792 0.022810711592181877 0.019851290759957181 -0.0098974223084779354 0.010376863062546664 -0.0056473657404200461 0.016325260996154563 0 0.0057693355868744731 -0.0067616107175674225 -0.017665077939154627 0.055139405277947119 0.013401261795036206 0.0036165884957024769 -0.0042391433424148906 0 0 0 0 -0.013800822234409735 -0.012724915030475637 0 0.0089585250066398225 0.0022946285632872931 0 0.0011854957948812125
leaf_weight=35.390665415121475 7.2645043044176409 782.29887988339033 755.13938317774591 428.94824921046529 113.96180024246132 44.345864437520504 197.15040754052461 143.3821947309043 7.0070201955968541 11.444010854378574 30.957470898283646 43.473134838292026 8.5164753748103994 224.70544636703562 8.1796626477153023 20.655862560044625 54.511524120243848 15.512411381540003 3.5852328708278938 5.6590264362748695 0.18728189478861113 5.7744135957036624 21.190727345616324 4.8332713471027082 269.06472078285151 25.303084094979567 2.8809609138406804 15.920949917926917 3.2818121717864415 2.3359160861000419 2.4590312502114102
leaf_count=2125 563 127613 454202 25160 11052 3735 8766 12228 93 478 2782 3542 1730 41378 590 420 469 406 747 752 115 1361 5910 1601 139693 8091 1501 2319 120 990 1470
internal_value=-0.000505557 0.00861138 -0.0171944 0.00522241 0.000498649 0.0118784 0.0258363 0.0112295 0.0422844 0.0165034 0.0174518 -0.00292218 0.00832397 0.00138475 0.0206204 -0.005519 0.0510913 0.00242115 -0.0203747 0.0213463 -0.0226536 0.0253088 -0.00258048 -0.0126282 -0.0132925 -0.0087082 -0.0228927 0.00535883 0 0.000502988 0.000768832
internal_weight=3295.32 2133.8 1161.52 1812.07 1083.12 728.957 321.725 257.344 84.2955 237.43 459.906 825.772 121.037 269.051 205.33 32.0999 61.776 22.5194 1040.49 50.1059 760.667 41.1651 70.9312 279.819 273.898 46.4938 758.02 24.4374 8.94084 5.92115 2.64631
internal_count=862002 239275 622727 227490 154435 73055 11785 23280 1531 10254 27942 131155 22408 45113 9356 898 1032 499 600319 4358 457288 3486 18050 143031 141294 14001 455703 4049 872 1737 1585
is_linear=0
shrinkage=0.0873782


Tree=3
num_leaves=31
num_cat=0
split_feature=44 24 18 37 1 22 8 6 20 44 18 21 21 10 9 30 14 28 12 10 5 25 18 12 44 8 21 14 22 21
split_gain=68.6078 24.814 8.5748 6.83527 5.01675 4.5868 4.42045 3.89005 3.47515 2.44048 2.41237 2.40295 2.39693 2.30806 2.22683 1.95797 1.57209 1.53474 1.18377 1.12868 1.37464 0.903564 0.574039 0.395552 0.512288 0.259592 0.221951 0.32968 0.0237878 0.00997468
threshold=0.61932659149169933 -0.02073787339031696 -0.49580144882202143 0.61939930915832531 -0.041903534904122346 4.6603109836578378 0.43745979666709905 1.1015661358833315 -0.076738175004720674 0.85166472196578991 -0.29933409392833704 66.109306335449233 50.921117782592781 0.73356911540031444 9.3606944084167498 2672.683959960938 0.86300224065780651 -11.095510482788084 17.925000190734867 0.13092477619647983 -0.11710784211754798 -0.00073138595325872291 -0.61795532703399647 57.070001602172859 0.61143696308135997 0.41028395295143133 72.054122924804702 0.28822544217109686 13.562370300292971 82.662036895751967
decision_type=2 2 2 2 2 2 2 2 2 2 2 2 2 2 2 2 2 2 2 2 2 2 2 2 2 2 2 2 2 2
left_child=4 3 7 5 17 14 10 13 -8 21 -5 16 -11 -3 -2 -9 22 23 -7 25 -21 -4 -6 24 -1 -19 27 -13 -25 -28
right_child=1 2 9 6 11 18 8 15 -10 12 -12 26 -14 -15 -16 -17 -18 19 -20 20 -22 -23 -24 28 -26 -27 29 -29 -30 -31
leaf_value=-0.017570563126343742 0.045442456844223024 0.0053880954201712275 0 0.0074100900648839604 0 -0.0094847320160679552 0.028815713415567355 0.021521773406184695 0.012690690985357449 -0.0059659581998941572 -0.013345807304194634 0.012144131257574936 0.0091257463675637404 -0.011667905247655394 0.0002316592122608798 -0.00029797857730275113 0.0046270461215115856 -0.010650734087593971 0.011347734064167921 -0.0029440730882799096 0.0214541299889386 -0.013635703156580669 -0.022708148535935866 0.0026076225793017914 0.00011464686826986201 0.00020772269953937987 -0.0023038970763500951 -1.120782256495517e-05 0 0
leaf_weight=16.818663753307199 106.54491890713689 254.1239762534824 29.281516936345724 92.220000625384273 4.1957695507298913 8.8998213073646166 148.54190944808943 143.07198686752236 681.90297271314193 243.57273915252881 46.325129296659725 8.6989066578098591 91.060544925567228 54.082881524693221 14.310645596589891 26.249794021059643 2.9978919841814777 3.8999793322582255 32.641264173347736 9.0315024413866904 31.715769940754399 291.45113493654935 810.23912130307872 4.8078748944099052 1.6628362880437624 1.9830585395684464 2.874136858910787 4.2134267786750561 1.5265371834975665 1.2812712497543541
leaf_count=2115 4202 28646 9279 4474 1147 575 4837 8172 40458 46699 9548 5373 19752 6317 1377 2470 1835 612 2496 390 5665 138770 510534 721 71 138 1825 2771 864 788
internal_value=0.000390281 0.00855343 -0.000529279 0.017579 -0.0196165 0.0340743 0.0140137 0.00806745 0.0163677 -0.00701061 0 -0.0214834 -0.00124874 0.00149328 0.0417005 0.017929 -0.022189 0.000959127 0.00345303 0.00994683 0.0151882 -0.0122437 -0.0225351 -0.0103691 -0.0141126 -0.00583493 0.00302543 0.0075717 0 -0.0014575
internal_weight=3170.23 2264.28 1132.89 1131.39 905.947 162.397 968.99 477.529 830.445 655.366 138.545 834.501 334.633 308.207 120.856 169.322 817.433 71.4462 41.5411 46.6303 40.7473 320.733 814.435 24.8159 18.4815 5.88304 17.0677 12.9123 6.33441 4.15541
internal_count=862921 328072 260105 67967 534849 8650 59317 45605 45295 214500 14022 524273 66451 34963 5579 10642 513516 10576 3071 6805 6055 148049 511681 3771 2186 750 10757 8144 1585 2613
is_linear=0
shrinkage=0.0873782


Tree=4
num_leaves=32
num_cat=0
split_feature=24 44 3 44 34 37 10 19 39 12 43 24 44 3 44 42 16 42 39 31 31 30 13 12 37 32 12 12 11 13 11
split_gain=62.4984 24.4613 6.53136 5.32924 4.37281 4.744 4.30066 4.38488 4.2652 4.14303 3.95727 4.88638 3.36611 2.94951 2.88445 2.57781 1.83881 1.54846 1.48512 1.4584 1.38983 0.754475 0.687322 0.760649 0.491531 0.436912 0.210726 0.207674 0.166519 0.06155 0.051138
threshold=-0.025305530987679955 0.7186313569545747 -0.060751952230930321 0.76975750923156749 0.42741918563842779 2.0453505516052251 0.67485418915748607 0.7717527747154237 -1.1533236503601072 16.430000305175785 0.71024280786514293 0.003836804069578648 0.9693567454814912 -0.00069732210249640037 0.94577202200889599 0.039363484829664237 -0.078182619065046297 0.30457843840122228 1.0000000180025095e-35 -0.004110420821234583 -0.0042053950019180766 3403.8212890625005 0.037224177271127708 27.545000076293949 0.65624520182609569 -6.0311036109924308 29.875000000000004 17.125000000000004 1.4719626903533938 -0.024580856785178181 -0.55947822332382191
decision_type=2 2 2 2 2 2 2 2 2 2 2 2 2 2 2 2 2 2 2 2 2 2 2 2 2 2 2 2 2 2 2
left_child=2 21 4 24 6 14 7 -1 -8 17 12 18 16 -13 -6 -11 -3 -5 -12 -14 -7 22 25 -24 30 -2 27 -23 -26 -28 -4
right_child=1 10 3 9 5 20 8 -9 -10 15 11 13 19 -15 -16 -17 -18 -19 -20 -21 -22 26 23 -25 28 -27 29 -29 -30 -31 -32
leaf_value=-0.0072746787375661927 -0.00061370069100300504 0.0025238121232620792 -0.00031026438091514988 0.028157810124626283 0.018859092689223367 -0.013549300395202845 -0.008167717108949436 0.012799145837285784 0.029749856182367154 -0.010792440226893726 -0.016515433877473562 0.018507677381629246 -0.0059501494995509554 0.00040568362707561897 0.040671094953574377 0.008169462960842316 -0.011638659140957131 0 0.0014829989488739899 0.010890136376760952 0.0094590139827788744 0 -0.011100515851045245 0.0038005733514309041 -0.012895880263415609 -0.022666995871775363 -0.00048818055144820297 -0.010528801490557606 0 0.0042394318308227362 0.0036895798160082832
leaf_weight=108.51479325322725 18.356715439265827 64.268118258507457 6.1449625109380577 85.368449462112039 217.96077785235684 17.250534028629772 12.448194310156394 197.35412310535321 115.2375245289586 48.289601761047379 53.616882992457249 174.01815268833889 31.912214333817246 126.72870367995347 140.60543554602191 200.87887910903373 327.365917972842 19.790294382721186 40.962743399359169 101.34970720192359 16.966088587243576 24.58734524785541 47.428900368046016 14.581510661751961 82.087491864571348 709.83101699429244 3.1990158600674476 33.384412861778401 2.1198832754744208 3.9120229704421936 6.5808257099561143
leaf_count=4891 10758 12488 2562 3451 9373 640 415 7078 5272 2010 7364 10307 3512 25171 1988 14614 121539 1586 4565 12048 525 16042 30580 8898 44107 473129 2025 21301 901 2324 2012
internal_value=0.000485205 -0.0100368 0.0151135 0.00591245 0.0197287 0.0267139 0.0121837 0.00533856 0.0246785 0.0109316 0 0.00632759 -0.00497036 0.0117591 0.0295443 0.0035221 -0.00904349 0.0240068 -0.00898231 0.00589248 -0.000982043 -0.0204775 -0.0213638 -0.00623538 -0.0101612 -0.0222888 -0.0058081 -0.00754189 -0.0122882 0 0
internal_weight=3053.1 1775.5 1277.6 451.26 826.337 392.783 433.555 305.869 127.686 354.327 920.222 395.326 524.896 300.747 358.566 249.168 391.634 105.159 94.5796 133.262 34.2166 855.281 790.198 62.0104 96.9332 728.188 65.0828 57.9718 84.2074 7.11104 12.7258
internal_count=863476 762051 101425 71243 30182 12526 17656 11969 5687 21661 196994 47407 149587 35478 11361 16624 134027 5037 11929 15560 1165 565057 523365 39478 49582 483887 41692 37343 45008 4349 4574
is_linear=0
shrinkage=0.0873782


Tree=5
num_leaves=32
num_cat=0
split_feature=8 2 43 26 12 7 17 24 10 28 28 22 43 25 38 14 14 8 16 2 25 0 16 14 22 0 14 24 12 8 12
split_gain=52.0698 14.8244 10.3373 8.14312 4.89758 3.94031 3.75157 3.4641 3.37093 3.16146 3.15973 2.44856 2.24765 2.17306 2.1443 1.94184 1.64714 1.14641 1.12628 1.01591 0.954511 0.953656 0.875637 0.841066 0.766113 0.528834 0.332665 0.0481841 0.0564376 0.0105431 0.0072106
threshold=0.4864033311605454 -0.045213138684630387 0.69483718276023876 -0.016884282231330868 20.82499980926514 0.34924146533012396 36.930532455444343 -0.02073787339031696 0.19053086638450625 -9.7860116958618146 -6.4523835182189933 1.011269807815552 0.086483310908079161 -0.00065557955531403412 0.025590810924768451 0.54520088434219371 0.60463169217109691 0.82544291019439708 -0.14145466685295102 -0.070247620344161973 0.00028750834462698554 0.0076337656937539586 -0.073606491088867174 0.86300224065780651 27.977688789367679 0.022016595117747787 0.48828125000000006 -0.030612977221608158 31.810000419616703 0.32133936882019049 25.550000190734867
decision_type=2 2 2 2 2 2 2 2 2 2 2 2 2 2 2 2 2 2 2 2 2 2 2 2 2 2 2 2 2 2 2
left_child=3 4 8 10 6 20 14 -8 17 12 13 -10 -6 18 -2 -7 -11 -3 -1 26 -4 27 -15 24 -23 -21 -12 28 -5 -25 -29
right_child=1 2 5 21 9 15 7 -9 11 16 19 -13 -14 22 -16 -17 -18 -19 -20 25 -22 23 -24 29 -26 -27 -28 30 -30 -31 -32
leaf_value=-0.0020106325760051308 0.013932810567807161 -0.0048463025775930422 0.0037678111830523674 0.0053313598559518562 -0.0059449976089779788 0.004487580235764046 0.032653309410266937 0.00041763220312513084 0.0056667316637550964 0.0039529518552640164 0.006940735559975362 -0.016191723484340604 0.014863474754931964 0.0063286813889060333 -0.0078484438652398035 0.020314803690112192 -0.013946109120348398 0.0097736365313284435 0.026155524063389914 0 -0.010229878894915199 -0.01914823965875052 -0.0076535786920083016 0.0021106227172507743 0 -0.01456972872306741 -0.0036478693951839162 -0.0018827891082898594 0 0 0
leaf_weight=1.6493980333470997 178.78771285476978 50.718893393488543 39.316633074253332 4.3281254720350253 24.928427987746545 135.7073984475719 246.94759451725258 36.290029058647633 26.088437479542335 80.930428541512811 19.914939256705111 276.73840709359501 339.95209779818833 56.942941263288958 20.175598270609044 177.8744530663389 38.37529595324304 61.943718224618351 29.778859090518381 7.3428589713003012 57.518463323634933 883.96717715620616 38.318165091135597 2.6653460396337318 9.6554071678838209 99.449870004602417 18.963881138530269 8.645174133445833 0.6272806800843681 1.1007639238378031 2.3221860167977857
leaf_count=55 4983 18210 7750 995 2930 11928 5333 6344 4357 7821 2536 89083 21540 4878 327 13387 2448 7127 2164 2143 13417 557088 11673 1596 6295 46636 2186 5436 256 701 1520
internal_value=-0.000313706 0.00901004 0.000230721 -0.0144047 0.0162327 0.00992699 0.0225684 0.0292026 -0.00911837 0.0090066 -0.000640116 -0.0137217 0.0129072 0.00830967 0.0106771 0.0145266 -0.00231161 0.00267388 0.0224387 -0.00913529 -0.00399266 -0.0182832 0 -0.0186544 -0.0188785 -0.012992 0.000550209 0 0.0034228 0.0010619 -0.00127262
internal_weight=2977.97 1792.29 825.906 1185.67 966.387 410.417 482.201 283.238 415.489 484.186 272.361 302.827 364.881 126.689 198.963 313.582 119.306 112.663 31.4283 145.672 96.8351 913.311 95.2611 897.389 893.623 106.793 38.8788 15.9228 4.95541 3.76611 10.9674
internal_count=863143 216985 165259 646158 51726 46482 16987 11677 118777 34739 72271 93440 24470 18770 5310 25315 10269 25337 2219 53501 21167 573887 16551 565680 563383 48779 4722 8207 1251 2297 6956
is_linear=0
shrinkage=0.0873782


Tree=6
num_leaves=32
num_cat=0
split_feature=27 18 24 35 28 21 26 21 16 37 13 13 25 25 34 37 13 13 21 41 6 12 23 23 40 11 40 17 37 29 3
split_gain=45.6552 12.0575 6.06348 3.37953 4.62644 4.42948 3.30435 3.24846 2.92748 3.93741 2.80884 2.59707 2.51209 2.03999 1.57667 2.17191 1.32687 2.51408 2.13384 1.30666 1.17582 1.12831 1.07145 0.901164 0.807841 0.758662 0.669882 0.449399 0.269875 0.372494 0.000408655
threshold=-0.022263245657086369 -0.54295390844345082 -0.023856276646256443 -0.050186585634946816 -7.7934448719024649 52.746761322021491 0.0089704631827771681 54.085741043090827 -0.048424609005451195 0.81067061424255382 0.030726342462003235 -0.0059467009268701068 -8.7971452558122093e-06 0.0015825220616534354 0.13984461128711703 0.90740454196929943 -0.012893169187009333 -0.028102906420826908 56.438257217407234 -0.51872336864471424 0.91789424419403087 17.319999694824222 0.066007088869810118 0.042154399678111083 0.69499558210372936 -1.0962120890617368 -0.80272066593170155 33.478298187255866 0.55285665392875682 -0.53710389137268055 0.059897286817431457
decision_type=2 2 2 2 2 2 2 2 2 2 2 2 2 2 2 2 2 2 2 2 2 2 2 2 2 2 2 2 2 2 2
left_child=3 10 6 14 5 11 26 -7 9 -6 12 -5 24 -8 15 21 17 -4 -18 -10 -14 -1 -17 27 -2 -25 -3 -16 30 -30 -12
right_child=1 2 16 4 8 7 13 -9 19 -11 28 -13 20 -15 23 22 18 -19 -20 -21 -22 -23 -24 25 -26 -27 -28 -29 29 -31 -32
leaf_value=0.0053565793169837797 -0.0069312545754147675 -0.012346881511674557 -0.017951635196243571 0.0061553967546228118 0.017270623643871635 -0.012793006534861652 0.014790575302116646 0.0097483395016191975 -0.017939667007815244 0 0.00035545873227517464 0.023770654128958284 0.00096811658603079072 -0.0090983548925426729 -0.0036596741310200502 0 -0.019715060342982774 0.00078431358443170282 0 0.001300542498574535 0.023283352074149988 -0.016541836866658582 0.01844866319052579 6.018894763214961e-05 0.008243541917026127 -0.016818653028604923 0 0.0099827209530293851 0 -0.017257125247452182 0
leaf_weight=7.3140610496338949 50.31268676322361 109.33732584759127 72.541576104878914 117.95741216983879 149.63992092879926 37.547410990984645 84.408681168992189 221.41965779423481 36.992863308594679 223.44759439660265 2.791666455770613 414.82244506631105 37.205026183219161 14.323766441375481 10.909153831569713 25.239004311297322 849.50438820671843 101.89205481449608 46.096565720654326 27.466237004176946 78.80014350523561 20.804106897325255 52.610241797097842 11.302494262577964 18.40262744044594 48.836062162663438 28.176297496713232 10.073333491192896 4.4902051934623222 17.486499167629514 0.94100094406167034
leaf_count=467 6858 40621 48550 7105 10931 1816 13592 12459 4299 20371 375 17675 9190 1629 1676 2829 521335 67294 29544 6577 6648 2225 4318 734 2391 5158 10519 902 628 3658 213
internal_value=-0.000839953 -0.0113297 -0.0144583 0.0103194 0.0119597 0.0159298 -0.00115438 0.00535382 0.00412426 0.00730965 0.00716022 0.0204619 0.0113315 0.00940923 -6.69617e-05 0.00593695 -0.0172148 -0.00759209 -0.0187456 -0.0102433 0.018198 -0.00884073 0.0131236 -0.00855025 -0.000668318 -0.0131642 -0.00966531 0.00213126 -0.0119735 -0.0142309 0
internal_weight=2933.09 1516.71 1306.28 1416.38 1229.29 791.747 236.246 258.967 437.547 373.088 210.43 532.78 184.72 98.7324 187.088 105.967 1070.03 174.434 895.601 64.4591 116.005 28.1182 77.8492 81.121 68.7153 60.1386 137.514 20.9825 25.7094 21.9767 3.73267
internal_count=862587 763045 733084 99542 81233 39055 66361 14275 42178 31302 29961 24780 25087 15221 18309 9839 666723 115844 550879 10876 15838 2692 7147 8470 9249 5892 51140 2578 4874 4286 588
is_linear=0
shrinkage=0.0873782


Tree=7
num_leaves=32
num_cat=0
split_feature=27 1 24 24 36 37 15 12 28 7 37 9 9 11 23 42 28 15 37 28 24 9 11 28 12 1 24 36 15 6 5
split_gain=51.5255 12.4331 5.86577 5.08282 5.20659 4.46683 4.8967 4.13085 3.22886 3.13845 3.0009 2.38091 2.16167 1.91635 1.83881 1.75239 1.68358 1.63518 1.56574 1.28536 1.01862 0.938159 0.798781 0.781599 0.735845 0.608638 0.470093 0.431582 0.401478 0.166846 0.0204403
threshold=-0.028069175779819485 -0.028945817612111565 0.044584156945347793 -0.021311173215508458 -0.044516671448945992 0.65624520182609569 -0.012094218749552963 28.469999313354496 -7.694612741470336 0.78553843498229992 0.75224390625953685 10.037580490112306 1.0000000180025095e-35 0.25246396660804754 0.036408033221960075 0.30904524028301245 -10.493040084838865 -0.058019323274493211 1.030340373516083 -5.2311713695526114 0.110409252345562 8.0042462348938006 -0.27845519781112665 -6.895615577697753 29.875000000000004 0.036019068211317069 -0.15563316643238065 -0.057876955717802041 0.019224537536501888 2.7579118013381962 -0.092090696096420274
decision_type=2 2 2 2 2 2 2 2 2 2 2 2 2 2 2 2 2 2 2 2 2 2 2 2 2 2 2 2 2 2 2
left_child=3 7 16 5 12 6 17 11 -8 14 -11 15 19 23 -7 -2 21 -1 25 -5 -15 -3 -14 -4 -18 -6 30 -28 -20 -13 -9
right_child=1 2 13 4 18 9 8 26 -10 10 -12 29 22 20 -16 -17 24 -19 28 -21 -22 -23 -24 -25 -26 -27 27 -29 -30 -31 -32
leaf_value=0.011855872280576576 0.018392696277613238 0.0015903071382847981 0.018327464353411822 0.017658974727427581 -0.019820751611289721 0.012566113603600885 0.040198854508217731 0 0.013112433589300736 -0.00098768145313936438 0.021294770179323717 -0.0078001281370177191 0.008403661247222827 -0.0098519067485394428 0 0 -0.016394334857624118 -0.010636149116756224 0.009418628424271859 -0.001378068705691985 0.0043809048102497776 -0.011796788746921964 -0.0068042769769646799 0 -0.0019681658445896712 0 0 -0.018124488003412757 -0.0025103499947962461 0 0.0025487678996612578
leaf_weight=30.812971638020827 173.29165623563313 82.616351739554375 36.886203848014702 170.8501273492875 54.038168768071046 149.96581574733136 146.25071869808016 1.0341092748276426 97.766982502216706 40.78479038507794 312.9822048930655 28.705417541576029 16.864212331624003 65.737383801562828 205.09672434575623 40.639906710122887 951.40152576470427 23.12855655727617 12.370537883427462 16.142930921152583 38.842333543892892 36.402852620216436 51.791721102927113 18.65650378112332 52.037751614108856 11.995973076496737 4.1015257530380032 32.139415187804843 19.202754255878972 1.8019105168932572 2.1213551231485317
leaf_count=1087 20671 25478 5069 14350 11871 5847 1842 315 1822 1192 12147 9233 2761 23660 7919 8734 603099 657 1427 4976 9385 17204 8006 9469 35809 881 1530 13694 2342 359 213
internal_value=0.00195961 -0.00874873 -0.0124096 0.0143139 0.00450915 0.0174802 0.0268318 0.00714527 0.0317254 0.0127154 0.0185313 0.0116712 0.0110538 0.00239374 0.005895 0.014942 -0.0146208 0.000505062 -0.0106153 0.0155277 -0.00387072 -0.00293688 -0.000750128 0.0133388 -0.0158093 -0.0169241 -0.0133154 -0.0157687 0.00209233 -0.00586891 0
internal_weight=2926.46 1566.42 1282.58 1360.05 353.256 1006.79 297.959 283.835 244.018 708.83 353.767 244.439 255.649 160.122 355.063 213.932 1122.46 53.9415 97.6074 186.993 104.58 119.019 68.6559 55.5427 1003.44 66.0341 39.3964 36.2409 31.5733 30.5073 3.15546
internal_count=863049 783922 729173 79127 46614 32513 5408 54749 3664 27105 13339 38997 30093 47583 13766 29405 681590 1744 16521 19326 33045 42682 10767 14538 638908 12752 15752 15224 3769 9592 528
is_linear=0
shrinkage=0.0873782


Tree=8
num_leaves=31
num_cat=0
split_feature=44 25 22 18 25 12 11 24 13 29 12 15 5 14 39 44 25 12 18 35 36 44 11 31 21 15 35 13 15 25
split_gain=45.7421 8.46803 8.31923 4.79323 4.48195 3.66122 3.39633 2.78964 2.70803 2.281 1.89021 1.69915 1.29696 0.98449 0.921796 0.900262 0.832606 0.738566 0.61662 0.55953 0.479471 0.339204 0.27594 0.181799 0.166812 0.124259 0.068657 0.043855 0.00244905 0.0017693
threshold=0.77368873357772838 -0.00088463787687942375 0.15638755261898044 -0.53282794356346119 -0.0010951628210023043 26.239999771118168 0.039329718798398978 -0.15563316643238065 0.044374747201800353 -0.73425257205963124 22.069999694824222 0.11896061897277833 -0.022602153010666367 0.86300224065780651 0.13962004333734515 0.54122179746627819 0.0013828941155225041 13.894999980926515 -0.28145076334476465 -0.028948734514415261 -0.13464041799306867 0.93003252148628246 -1.61772084236145 -5.7909905081032769e-05 45.321207046508796 0.021199167706072334 0.017952162772417072 -0.021461227908730503 -0.073771413415670381 -0.00022554488532477987
decision_type=2 2 2 2 2 2 2 2 2 2 2 2 2 2 2 2 2 2 2 2 2 2 2 2 2 2 2 2 2 2
left_child=1 12 11 6 5 -5 8 16 -4 -6 -8 20 14 15 19 -9 24 21 -18 -1 -2 -13 -22 -19 -3 -16 27 -14 -28 -15
right_child=2 7 3 4 9 -7 10 13 -10 -11 -12 17 26 29 25 -17 18 23 -20 -21 22 -23 -24 -25 -26 -27 28 -29 -30 -31
leaf_value=0 0 0 0.018782120839326837 0.021157059892204389 0.0070722960321785953 -0.0077396118879808863 -0.00071509362758519505 -0.018699465867362302 -0.0069857242893354285 -0.0032374037662245532 0.011812708241987572 0.00046614738987080424 0 0 0.0026693516221393703 -0.010596658853557725 0.019643607937650531 0 -0.00042449155961716168 0.024816510846035363 0 -0.012335079054939264 0.040203218628759682 0.013347299390584062 -0.0078952006468699949 -0.0051970065170211894 0 -0.0053048972642091383 0.00081435562534839221 0.0035167396887864954
leaf_weight=9.6431806250475329 3.0610748641192904 1.7689810664742278 444.46782408912259 128.39163114735857 214.74919978619437 24.509746660172823 182.35004602776462 646.66124174099241 16.215886330406647 510.3717769214345 134.52163323557761 3.3985923853470039 4.6667412772512824 0.20870415377430651 5.347086766822029 358.22275522870768 12.091932539769914 3.048859989066842 1.9481055157084455 33.91380594894872 3.8064994944725177 4.271412348782178 65.856183317358955 10.631186063867059 5.5843700868426822 6.0352516001730692 1.0035856496251652 12.086066803676657 6.2932370719572637 3.4230553815723388
leaf_count=1346 113 203 22575 6998 20343 3022 9816 454445 1001 116425 11330 168 2999 137 1684 188065 924 102 406 4091 107 103 2564 467 617 1388 606 5531 3431 2115
internal_value=0.000658831 -0.0130363 0.00945326 0.00766518 0.00295949 0.0155194 0.0126175 -0.0152174 0.017376 0 0.00470521 0.032602 0.0114643 -0.015957 0.0173252 -0.0162035 0.00759359 0.00196453 0.0153 0.0214446 0.0379215 -0.00687584 0.0390653 0.01113 -0.00387697 0 -0.00145638 -0.00401028 0 0.00342598
internal_weight=2858.55 1108.9 1749.65 1655.58 878.022 152.901 777.555 1029.91 460.684 725.121 316.872 94.0738 78.989 1008.52 54.9393 1004.88 21.3934 21.3501 14.04 43.557 72.7238 7.67 69.6627 13.68 7.35335 11.3823 24.0496 16.7528 7.29682 3.63176
internal_count=863122 667988 195134 191510 146788 10020 44722 646912 23576 136768 21146 3624 21076 644762 8509 642510 2150 840 1330 5437 2784 271 2671 569 820 3072 12567 8530 4037 2252
is_linear=0
shrinkage=0.0873782


Tree=9
num_leaves=32
num_cat=0
split_feature=44 33 14 39 43 40 14 23 23 22 20 29 20 12 43 14 39 28 14 12 10 28 44 35 17 7 11 32 11 39 11
split_gain=35.082 8.44723 4.91292 4.01999 3.46303 3.33807 2.45492 2.30711 2.24111 2.12623 1.90947 1.47935 1.38241 1.65545 1.50682 1.30454 0.749325 0.615129 0.553566 0.427454 0.301907 0.283775 0.274328 0.228635 0.132554 0.122943 0.102058 0.0947426 0.0267877 0.00156175 0.00143216
threshold=0.68295592069625866 -0.21586801856756208 0.53320312500000011 -0.33022771775722498 0.42044764757156378 -1.5500746965408323 0.51757812500000011 0.40402637422084814 0.00919865630567074 0.15638755261898044 -0.052230378612875931 -3.1008296012878414 -0.035793799906969063 21.185000419616703 0.84840518236160289 0.82226562500000011 -1.5937688350677488 -1.6631497144699094 0.77148437500000011 13.070000171661379 0.42615042626857763 -18.896086692810055 0.4785513579845429 0.0015355875366367402 32.725599288940437 0.58031398057937633 -0.73260024189949025 -1.0963865518569944 -1.8547774553298948 -0.7992643117904662 -0.17970065772533414
decision_type=2 2 2 2 2 2 2 2 2 2 2 2 2 2 2 2 2 2 2 2 2 2 2 2 2 2 2 2 2 2 2
left_child=10 2 4 5 8 -4 -6 -5 -2 16 20 22 13 -11 -14 18 30 -18 -13 -17 21 29 28 -24 26 -23 -22 -26 -12 -1 -3
right_child=1 9 3 7 6 -7 -8 -9 -10 12 11 15 14 -15 -16 19 17 -19 -20 -21 24 25 23 -25 27 -27 -28 -29 -30 -31 -32
leaf_value=-0.000718243690644243 0.0082879758171710369 -0.0018741986097059245 0.00060751796646070554 -0.0022231632983699626 0.010078199637475608 0.025867309099325171 -0.011455181101933481 0.013145620790751768 -0.010436472088797288 0.0080832060050079046 -0.0037215801687328857 -0.01453493123886951 -0.0089798786030306655 -0.0070752271055015987 0.0018727738225993277 -0.0058895773637821997 0.021336246877276529 0 -0.028231912031738599 0.0076933744010085365 -4.5440055193169579e-05 0 0.010880314519629038 0 0 0.014735411408371618 0.0056307426514265032 -0.0080362645584916639 0 0 0
leaf_weight=1.2120413574157285 46.31852676604467 1.3098609005101027 57.161190992454067 109.45622661486414 509.48339410129847 290.68825160138658 21.23236163330148 139.96542508228595 132.29482174039731 128.41573961066024 9.3991880414687312 744.42219262765866 305.91546713799471 60.465366987555171 108.64014561587828 7.26324586325791 26.736558820208309 2.4338185622473203 56.574869815842248 16.215599052229663 1.652395070181228 1.266050098551206 9.3791618795657978 3.4823408731608643 1.868147271685302 6.8159266551519977 4.42870212451089 4.242386943064048 2.3190695202720262 0.96103702002437685 1.1628026986145439
leaf_count=271 2435 115 736 7794 25788 12635 881 10272 22007 7261 5936 522585 144821 7513 27767 4993 1987 447 37136 11195 323 486 2113 1313 477 686 479 1042 1423 183 164
internal_value=-1.02546e-05 0.00648321 0.0104591 0.0162756 0.00507324 0.0222896 0.00860192 0.00636912 -0.00466865 -0.00160864 -0.0144023 -0.015118 -0.00313315 0.00248861 -0.00593771 -0.0157616 0.0148419 0.018482 -0.0163589 0.000303153 0.00433646 0.00986633 0.00140683 0.0075039 -0.000505398 0.0132913 0.00141036 -0.00586958 -0.00260988 0 -0.0017019
internal_weight=2813.18 1941.68 1306.6 597.271 709.329 347.849 530.716 249.422 178.613 635.08 871.502 849.056 603.437 188.881 414.556 824.476 31.643 29.1704 800.997 23.4788 22.4467 10.2551 24.5798 12.8615 12.1916 8.08198 6.0811 6.11053 11.7183 2.17308 2.47266
internal_count=863264 272623 82548 31437 51111 13371 26669 18066 24442 190075 590641 586694 187362 14774 172588 575909 2713 2434 559721 16188 3947 1626 10785 3426 2321 1172 802 1519 7359 454 279
is_linear=0
shrinkage=0.0873782


Tree=10
num_leaves=32
num_cat=0
split_feature=27 40 8 15 15 13 43 15 12 27 8 13 30 11 26 11 40 13 40 14 18 41 8 13 13 13 12 21 21 12 15
split_gain=25.7273 5.23132 4.2865 4.77194 3.53821 3.48048 3.39437 3.52459 2.79578 2.70347 2.64095 2.04921 1.95861 2.00235 1.87321 1.41068 1.21463 1.18721 1.18552 1.05462 0.948941 0.874885 0.827372 0.73948 0.841541 1.70697 1.48738 0.673759 0.20994 0.20839 0.12688
threshold=-0.021513467654585835 -1.5270714759826658 0.45864793658256536 0.095436654984951033 0.12492838129401208 -0.021461227908730503 0.77350157499313366 0.11535926535725595 31.405000686645511 -0.063492514193058 0.86362445354461681 0.01219437411054969 1108.3280029296877 -0.21174158900976178 -0.013694888912141321 0.3149742335081101 -1.0803707242012022 0.037777863442897804 -1.3133599758148191 0.65931919217109691 -0.36129888892173762 0.38579642772674566 0.73985311388969432 0.037224177271127708 -0.012893169187009333 -0.028618104755878445 30.045000076293949 45.773748397827156 44.224117279052741 17.530000686645511 -0.058019323274493211
decision_type=2 2 2 2 2 2 2 2 2 2 2 2 2 2 2 2 2 2 2 2 2 2 2 2 2 2 2 2 2 2 2
left_child=1 4 23 11 12 8 9 -8 15 -7 16 21 22 -14 -10 -3 -5 -12 -13 20 -6 -4 -1 24 25 -2 -26 30 -21 -29 -25
right_child=2 5 3 10 19 6 7 -9 14 -11 17 18 13 -15 -16 -17 -18 -19 -20 28 -22 -23 -24 27 26 -27 -28 29 -30 -31 -32
leaf_value=-0.011339104070104428 -0.014212198775684028 -0.016895824347024777 -0.0068919656502169488 0.0093628517001086899 0.014204635281571936 0.0077569308858347801 0.017009707035764699 0 0.016837467797652422 -0.004263929263849494 0.019812632663174679 0.00063353434803560039 0.032371735211556715 0.002468028233466789 -0.004379040951806047 0.00074567180202742857 -0.004798307507511289 -0.0040722922020385187 -0.019930359692687402 0 -0.0054993922306018697 0.0038415088807844874 0.008997548516826161 0 -0.015314966255642099 0.0017780446639082126 0.0037679014227719951 0 -0.017041481839559992 0.0096906820821968092 -0.0096350926985551977
leaf_weight=7.9494292695890207 63.238219206716167 89.442055699590128 111.37012379172666 44.998185127886245 17.200951105216518 294.67704242932814 357.84517070889706 126.80305312345445 40.054609761318716 229.57007284231076 77.992500385124004 12.191537704144137 124.29165171089699 32.871363453625236 38.996278605824045 31.485457666538423 126.16156602975389 2.7526588223408899 110.29759567906149 3.9049524851143342 9.1953401460195909 70.646546952026256 8.7171808155253512 1.3099994094227465 620.76088842190802 92.978825307058287 15.299036197335225 3.2525945689412792 6.2064258560421877 18.20042344002286 20.516279799019685
leaf_count=155 47981 7080 36782 5749 165 14333 15850 5047 3514 41670 7632 2886 3059 908 6746 3397 43019 576 43956 77 448 25471 97 945 434364 69017 11171 2319 200 13073 14733
internal_value=-0.000101477 0.00807691 -0.00851208 -0.00220253 0.0203708 0.00552589 0.00763104 0.0127976 -0.00431403 0.00233581 0.00616116 -0.00940064 0.0250979 0.0277857 0.00662479 -0.0121384 0 0.0172537 -0.0173519 -0.00126424 0.00572902 -0.00223254 0 -0.0124245 -0.0130195 -0.0050418 -0.0145821 0 -0.014315 0.00708278 -0.00824019
internal_weight=2811.18 1419.21 1391.97 556.411 210.337 1208.87 1008.9 484.648 199.978 524.247 251.905 304.506 173.83 157.163 79.0509 120.928 171.16 80.7452 122.489 36.5077 26.3963 182.017 16.6666 835.556 792.277 156.217 636.06 43.2793 10.1114 21.453 21.8263
internal_count=862420 102746 759674 166071 5109 97637 76900 20897 20737 56003 56976 109095 4219 3967 10260 10477 48768 8208 46842 890 613 62253 252 593603 562533 116998 445535 31070 277 15392 15678
is_linear=0
shrinkage=0.0873782


Tree=11
num_leaves=32
num_cat=0
split_feature=1 33 33 7 15 24 26 12 29 17 7 21 1 40 37 37 40 28 12 30 21 21 12 12 15 2 12 21 40 37 40
split_gain=20.271 7.21759 5.28401 3.71322 3.27874 3.27614 3.04657 3.03369 2.63 3.52558 2.61865 2.59189 2.38374 2.17946 1.84337 1.79616 2.12077 1.56381 1.49551 1.42127 1.19166 1.81067 1.80344 3.00675 2.80941 1.30457 1.26736 1.02925 0.761725 0.445987 0.352104
threshold=-0.030473045073449608 -0.18194469064474103 -0.38513731956481928 0.8106483817100526 0.12756756693124774 0.044584156945347793 -0.08216101303696631 27.545000076293949 -1.0177881717681883 38.264560699462898 0.68710488080978405 41.823717117309577 -0.090141877532005296 -1.2148922681808469 1.3496744036674502 1.637924373149872 -0.70837607979774464 -8.6171627044677717 13.84500026702881 2672.683959960938 43.020154953002937 44.575201034545906 20.494999885559086 16.195000648498539 -0.052227327600121491 0.04228284768760205 16.585000038146976 44.823934555053718 0.66940736770629894 2.5376466512680058 1.5628995299339297
decision_type=2 2 2 2 2 2 2 2 2 2 2 2 2 2 2 2 2 2 2 2 2 2 2 2 2 2 2 2 2 2 2
left_child=2 5 3 11 14 6 28 8 9 -4 19 18 -10 -13 -5 16 -9 -6 -1 -7 22 26 23 -3 -24 -23 -22 -8 -2 -17 -12
right_child=1 20 7 4 17 10 27 15 12 -11 30 13 -14 -15 -16 29 -18 -19 -20 -21 21 25 24 -25 -26 -27 -28 -29 -30 -31 -32
leaf_value=0.0054514241656263129 0.017502784092659755 -0.015364933576426359 0 0.030184422255745268 -0.014046857244142855 0.019639413870717055 0.0010896401031685163 -0.017551408099334868 0.016401793172811437 0.022248384019433548 0 0.020074818557760481 -0.0012956347671351095 0.00077314451308704152 0.0057470066362801621 0.01359650412632038 0.0059989374550122355 0.011910221466683633 -0.021157412641394417 -0.0019435901733922858 -0.0066481104129106358 -0.011291771505807189 0.0053243349111267314 0.0097931859062548917 -0.031993467677603235 -0.00030074724958752765 0.010453939130591358 -0.0078063964713995185 0 -0.00094426900031989837 -0.012051634237292708
leaf_weight=6.4800480822450508 42.301543121560826 78.662894677152508 93.050146712805144 182.89370168211099 17.463079913519326 114.43943678178402 108.88639422568667 84.615221783162269 46.977843987144297 125.47394495405752 15.816189173048771 70.117360171425389 314.66419133293675 114.88024433563987 53.419929365831194 13.991290178557394 19.701338987604686 8.5219437576597539 18.140899996855296 13.150769479572771 35.211037200526334 597.7237342829867 6.2419586091418742 33.040347106434638 66.106720796145964 120.06286819748493 49.160458718870359 295.54753503530083 19.355204994964879 3.2003802305189302 11.735374566447716
leaf_count=80 2093 53238 5195 3905 238 7343 26172 17260 772 10633 1150 1169 26571 4040 1502 2155 3684 117 367 1640 23251 413632 4882 23196 41624 66381 33074 84956 970 525 1287
internal_value=0.000512223 -0.00579172 0.00918463 0.0162157 0.0229825 0.00141873 -0.00213997 0.00395924 0.00667772 0.0138369 0.0116607 0.00590992 0.00152775 0.00996013 0.0260334 -0.00730706 -0.011981 -0.00173064 -0.0125692 0.0167354 -0.0103727 -0.00823229 -0.0173109 -0.00673168 -0.0271418 -0.0096623 0.00240384 -0.00522569 0.0128758 0.00912155 -0.00666563
internal_weight=2781.03 1607.44 1173.59 471.917 262.299 621.232 466.091 701.674 580.166 218.524 155.142 209.619 361.642 184.998 236.314 121.508 104.317 25.985 24.6209 127.59 986.21 802.158 184.052 111.703 72.3487 717.787 84.3715 404.434 61.6567 17.1917 27.5516
internal_count=863102 784889 78213 11418 5762 125611 114191 66795 43171 15828 11420 5656 27343 5209 5407 23624 20944 355 447 8983 659278 536338 122940 76434 46506 480013 56325 111128 3063 2680 2437
is_linear=0
shrinkage=0.0873782


end of trees

feature_importances:
Column_12=25
Column_14=18
Column_21=18
Column_44=17
Column_24=16
Column_13=15
Column_18=13
Column_28=13
Column_40=13
Column_11=12
Column_15=12
Column_37=12
Column_43=11
Column_25=10
Column_35=10
Column_8=9
Column_22=9
Column_23=8
Column_42=8
Column_7=7
Column_16=7
Column_33=7
Column_39=7
Column_3=6
Column_10=6
Column_27=6
Column_29=6
Column_36=6
Column_1=5
Column_6=5
Column_20=5
Column_30=5
Column_32=5
Column_2=4
Column_9=4
Column_17=4
Column_26=4
Column_31=4
Column_5=3
Column_19=3
Column_38=3
Column_41=3
Column_0=2
Column_34=2
Column_4=1

parameters:
[boosting: gbdt]
[objective: lambdarank]
[metric: ndcg]
[tree_learner: serial]
[device_type: cpu]
[data_sample_strategy: bagging]
[data: ]
[valid: ]
[num_iterations: 130]
[learning_rate: 0.0873782]
[num_leaves: 39]
[num_threads: 15]
[seed: 0]
[deterministic: 0]
[force_col_wise: 0]
[force_row_wise: 0]
[histogram_pool_size: -1]
[max_depth: 5]
[min_data_in_leaf: 112]
[min_sum_hessian_in_leaf: 0.001]
[bagging_fraction: 0.414044]
[pos_bagging_fraction: 1]
[neg_bagging_fraction: 1]
[bagging_freq: 1]
[bagging_seed: 6]
[bagging_by_query: 0]
[feature_fraction: 0.530368]
[feature_fraction_bynode: 1]
[feature_fraction_seed: 6]
[extra_trees: 0]
[extra_seed: 6]
[early_stopping_round: 0]
[early_stopping_min_delta: 0]
[first_metric_only: 0]
[max_delta_step: 0]
[lambda_l1: 1.23285]
[lambda_l2: 21.9019]
[linear_lambda: 0]
[min_gain_to_split: 0]
[drop_rate: 0.1]
[max_drop: 50]
[skip_drop: 0.5]
[xgboost_dart_mode: 0]
[uniform_drop: 0]
[drop_seed: 4]
[top_rate: 0.2]
[other_rate: 0.1]
[min_data_per_group: 100]
[max_cat_threshold: 32]
[cat_l2: 10]
[cat_smooth: 10]
[max_cat_to_onehot: 4]
[top_k: 20]
[monotone_constraints: ]
[monotone_constraints_method: basic]
[monotone_penalty: 0]
[feature_contri: ]
[forcedsplits_filename: ]
[refit_decay_rate: 0.9]
[cegb_tradeoff: 1]
[cegb_penalty_split: 0]
[cegb_penalty_feature_lazy: ]
[cegb_penalty_feature_coupled: ]
[path_smooth: 0]
[interaction_constraints: ]
[verbosity: -1]
[saved_feature_importance_type: 0]
[use_quantized_grad: 0]
[num_grad_quant_bins: 4]
[quant_train_renew_leaf: 0]
[stochastic_rounding: 1]
[linear_tree: 0]
[max_bin: 255]
[max_bin_by_feature: ]
[min_data_in_bin: 3]
[bin_construct_sample_cnt: 200000]
[data_random_seed: 6]
[is_enable_sparse: 1]
[enable_bundle: 1]
[use_missing: 1]
[zero_as_missing: 0]
[feature_pre_filter: 1]
[pre_partition: 0]
[two_round: 0]
[header: 0]
[label_column: ]
[weight_column: ]
[group_column: ]
[ignore_column: ]
[categorical_feature: ]
[forcedbins_filename: ]
[precise_float_parser: 0]
[parser_config_file: ]
[objective_seed: 5]
[num_class: 1]
[is_unbalance: 0]
[scale_pos_weight: 1]
[sigmoid: 1]
[boost_from_average: 1]
[reg_sqrt: 0]
[alpha: 0.9]
[fair_c: 1]
[poisson_max_delta_step: 0.7]
[tweedie_variance_power: 1.5]
[lambdarank_truncation_level: 30]
[lambdarank_norm: 1]
[label_gain: ]
[lambdarank_position_bias_regularization: 0]
[eval_at: 1,3]
[multi_error_top_k: 1]
[auc_mu_weights: ]
[num_machines: 1]
[local_listen_port: 12400]
[time_out: 120]
[machine_list_filename: ]
[machines: ]
[gpu_platform_id: -1]
[gpu_device_id: -1]
[gpu_use_dp: 0]
[num_gpu: 1]

end of parameters

pandas_categorical:null
