tree
version=v4
num_class=1
num_tree_per_iteration=1
label_index=0
max_feature_idx=44
objective=lambdarank
feature_names=Column_0 Column_1 Column_2 Column_3 Column_4 Column_5 Column_6 Column_7 Column_8 Column_9 Column_10 Column_11 Column_12 Column_13 Column_14 Column_15 Column_16 Column_17 Column_18 Column_19 Column_20 Column_21 Column_22 Column_23 Column_24 Column_25 Column_26 Column_27 Column_28 Column_29 Column_30 Column_31 Column_32 Column_33 Column_34 Column_35 Column_36 Column_37 Column_38 Column_39 Column_40 Column_41 Column_42 Column_43 Column_44
feature_infos=[-5.2031211235153627e-14:1] [-0.71311473846435547:1.9388145208358765] [-0.824940025806427:3.0753421783447266] [-0.91414105892181396:8.9533910751342773] [-93.771224975585938:91.731666564941406] [-0.90430623292922974:2.5155096054077148] [0:20] [0:1] [0:62.480628967285156] [0:12.648478507995605] [0:1] [-4.2485289573669434:4.2485289573669434] [9.1400003433227539:40.740001678466797] [-0.10815337300300598:0.055635351687669754] [0.02176339365541935:0.7131696343421936] [-0.09449421614408493:0.13699156045913696] [-0.90000009536743164:8.980769157409668] [0:100] [-0.98360657691955566:1.4733297701986201e-16] [-2.663642994593738e-14:9.5036554336547852] [-0.5:2.0081300735473633] [36.821052551269531:83.504066467285156] [-7.1230727479582034e-13:40.740001678466797] [-1.9658059224490418e-14:0.7131696343421936] [-9.7865848541259766:38.273651123046875] [-0.019644217565655708:0.029521746560931206] [-0.50867223739624023:1.3953217267990112] [-6.4134039878845215:22.007406234741211] [-32.677738189697266:2.6836633806317459e-15] [-84.9705810546875:84.9705810546875] [0:6868.59375] [-0.071673944592475891:1.656673789024353] [-10.219038963317871:6.727445125579834] [-0.97777777910232544:4.9429735911380219e-17] [-3.7847834268760552e-14:1] [-0.5:1.3248412609100342] [-0.90000009536743164:9.1764707565307617] [0:20] [-0.57142859697341919:0.96078425645828247] [-1.7888543605804443:1.7888543605804443] [-1.7888543605804443:1.7888543605804443] [-1.7888543605804443:1.7888543605804443] [0:1] [0:1] [0:1]
tree_sizes=3367 3455 3534 3530 3356 3463 3495 3463 3088 3290

Tree=0
num_leaves=31
num_cat=0
split_feature=18 27 27 43 27 23 30 35 18 18 41 43 7 32 23 29 41 30 18 30 35 37 37 29 43 16 10 22 23 32
split_gain=16.0167 9.62603 8.60442 6.32643 3.18961 2.51068 1.89935 1.42901 1.33246 1.22515 1.03005 0.975273 0.940173 1.3238 0.914472 0.90579 0.559473 0.411712 0.310088 0.293093 0.292588 0.265292 0.18155 0.167139 0.136363 0.123415 0.0778978 0.0876881 0.0509754 0.0314055
threshold=-0.21192432940006253 -0.0057274019345641127 0.010817964095622303 0.85485106706619274 0.0048835515044629582 0.28929597139358526 2947.2231445312505 0.013322294224053623 -0.3181851059198379 -0.041172791272401803 1.3719044923782351 0.22844501584768298 0.99971830844879161 -3.3423409461975093 0.50280866026878368 0.88259688019752514 1.4318299889564516 2382.191772460938 -0.067029390484094606 3304.477661132813 0.011890979949384929 2.1828225851058964 0.61427453160285961 0.61076208949089061 0.090774342417716994 0.0043789104092866191 0.25144509971141821 14.345425128936769 0.056161360815167434 -0.12467558681964873
decision_type=2 2 2 2 2 2 2 2 2 2 2 2 2 2 2 2 2 2 2 2 2 2 2 2 2 2 2 2 2 2
left_child=6 7 3 4 -3 -5 8 9 12 15 14 22 13 -1 -4 -2 -13 21 -19 20 24 -9 -10 -12 -8 -11 -21 -28 -14 -22
right_child=1 2 10 5 -6 -7 19 17 11 25 23 16 28 -15 -16 -17 -18 18 -20 26 29 -23 -24 -25 -26 -27 27 -29 -30 -31
leaf_value=0 0.01748110047556747 -0.012814386180203016 0.015144763074618518 0.014118608986473035 0 -0.0057535455054918364 0 -0.011724537550532771 0.0031505098770113894 -0.006388191841915504 -0.0065099085848210492 0.013787885734541783 -0.0029545446160315417 0.025802306913035967 -0.0011754501766712256 0 0 0.0092035319435849489 -0.0023959294611208735 0 0 0 -0.0043884070704411689 0.0008123724077259395 -0.01160354669425006 0 0.0079557919690232768 0 0.0023052097847416691 0.0028635679817516271
leaf_weight=11.824896155827444 187.68842021370074 961.69804705810384 142.24835199886002 101.4956106247555 156.26088996502222 54.938927284209058 2.1370803005993428 15.259708919649716 19.802097417559708 10.366057883336905 10.25530455450644 136.86120419530198 5.5723144601215591 170.73045642153011 13.586880429473238 26.873168252554024 10.880025953665607 8.622661839151986 3.7191686152364118 4.0827841080317731 2.525764211837668 1.1825420699315135 28.579800595791312 14.595796878769759 14.429910104372537 1.1942083833273489 8.0182618010730931 1.1758638673927624 6.2055441525881179 7.3393682929745392
leaf_count=3677 54538 327041 38395 31166 49462 18790 852 4656 6214 3676 2943 41433 1554 57402 4090 7506 3332 1982 1204 1849 795 260 9161 3883 4556 235 2291 536 1974 2541
internal_value=0.00053952 -0.00323782 -0.00605232 -0.00864292 -0.0109696 0.00668607 0.0152228 0.0116467 0.0170058 0.0139337 0.0106467 0.0092026 0.0226529 0.0240379 0.0131463 0.0155439 0.0123586 -0.00245181 0.0032655 -0.000373364 -0.00578362 -0.00896669 0 -0.00153929 -0.0100049 -0.00334568 0.00423032 0.00627466 0 0
internal_weight=2140.15 1709.99 1455.08 1274.39 1117.96 156.435 430.165 254.906 390.456 226.122 180.686 196.123 194.333 182.555 155.835 214.562 147.741 28.7841 12.3418 39.709 26.4321 16.4423 48.3819 24.8511 16.567 11.5603 13.2769 9.19413 11.7779 9.86513
internal_count=687994 549827 475770 426459 376503 49956 138167 74057 124747 65955 49311 60140 64607 61079 42485 62044 44765 8102 3186 13420 8744 4916 15375 6826 5408 3911 4676 2827 3528 3336
is_linear=0
shrinkage=0.0873782


Tree=1
num_leaves=31
num_cat=0
split_feature=44 24 18 44 42 43 9 36 33 43 4 22 25 43 28 28 43 4 4 28 40 44 29 32 29 44 32 32 44 28
split_gain=69.5285 21.2638 9.05556 9.03177 10.3308 4.91102 3.77549 3.66844 5.5966 3.85768 3.35262 2.91363 3.5212 2.35649 3.42351 4.18116 2.02144 1.81348 1.34022 1.29005 1.24749 0.96603 0.681831 0.680093 0.472289 0.405955 0.313546 0.24272 0.201627 0.00691535
threshold=0.67280736565589916 -0.016698978841304776 -0.33793896436691279 0.8781956434249879 0.94779452681541454 0.45335806906223303 9.5617637634277362 0.018658811226487163 -0.077558808028697954 0.89790594577789318 4.693059206008912 9.1295905113220233 -1.0000000180025095e-35 0.82734096050262462 -5.2884643077850333 -6.7001056671142569 0.87828934192657482 3.4818032979965214 -38.64448165893554 -6.3095242977142325 -1.3954574465751646 0.4482883363962174 -1.1408193707466123 -2.317561030387878 -2.347858071327209 0.52657201886177074 -0.20203117281198499 -2.8994771242141719 0.47528095543384558 -1.6167492270469663
decision_type=2 2 2 2 2 2 2 2 2 2 2 2 2 2 2 2 2 2 2 2 2 2 2 2 2 2 2 2 2 2
left_child=2 6 13 7 5 -5 11 9 -9 -3 -6 12 -2 14 15 -1 18 -16 28 22 -15 -22 -8 -21 -20 27 -13 -18 -4 -27
right_child=1 3 16 4 10 -7 19 8 -10 -11 -12 26 -14 20 17 -17 25 -19 24 23 21 -23 -24 -25 -26 29 -28 -29 -30 -31
leaf_value=0.0015744656676752473 0.015398266729740847 -0.0092894288983206581 -0.0067594010256987313 0.007171028943262537 -0.02221879404352884 0.021194639673338466 -0.011545245069543542 0.019176376870910058 -0.0062945295196957154 0.013150682122510927 0.0042225265616492339 -0.0063902872093004794 0.038700000246236391 -0.0043951731842666727 0.015972910896893084 -0.029429045558757461 0 -0.009499083723527221 0 0 0 0.026285883602117411 0.0034662311949256353 0.017600697671890639 -0.02279419933834869 0.00087789474700998495 0.0055995392694868033 -0.011152547778011302 0 -0.00072614855413298865
leaf_weight=54.366076478036121 145.47635945864022 473.17599544188124 32.308842166065006 553.05090935228509 72.890828690142371 342.39393098809524 13.721202411223201 104.48985789297149 112.31815852358704 43.254002119618235 40.281383430236019 11.942224432539662 212.03339934392716 2.8092041987110852 50.470144092862029 39.892021901410772 11.420938651484901 7.8615727669093749 15.147596873488508 15.785906329692805 8.6200020795222354 23.708787166629918 32.420669446262764 50.611489002476446 793.98701666822308 16.385079327301355 10.369034988398196 108.32163418066921 20.72341831526137 22.268222065351438
leaf_count=3466 10366 76307 12005 35689 3341 22945 853 7376 28973 6502 3646 843 12932 162 1632 1906 3076 378 6317 2687 448 1052 2094 9663 379285 4622 815 35493 5299 7047
internal_value=0.000110854 0.00925269 -0.0165693 0.00450457 0.00980888 0.0130287 0.0249337 -0.00272206 0.00616296 -0.00675127 -0.0128514 0.0291315 0.0309383 0.000489558 -0.00411174 -0.0136943 -0.0197548 0.00954141 -0.0215618 0.00752697 0.0162661 0.0210978 -0.00169389 0.0139856 -0.0224892 -0.00789724 0 -0.0100632 -0.003537 0
internal_weight=3442.51 2234.22 1208.29 1741.86 1008.62 895.445 492.36 733.238 216.808 516.43 113.172 379.821 357.51 187.728 152.59 94.2581 1020.56 58.3317 862.167 112.539 35.138 32.3288 46.1419 66.3974 809.135 158.396 22.3113 119.743 53.0323 38.6533
internal_count=687220 225032 462188 184779 65621 58634 40253 119158 36349 82809 6987 24956 23298 9044 7382 5372 453144 2010 402906 15297 1662 1500 2947 12350 385602 50238 1658 38569 17304 11669
is_linear=0
shrinkage=0.0873782


Tree=2
num_leaves=32
num_cat=0
split_feature=44 1 44 43 16 42 6 19 28 13 8 2 33 41 33 2 18 7 10 40 7 28 11 35 6 44 10 43 44 35 18
split_gain=110.8 23.5482 17.274 9.1862 8.47422 7.61392 6.60859 6.17791 4.40455 3.92305 3.19841 2.34231 2.13416 2.28849 2.08364 1.84259 1.80903 1.77804 1.42829 1.35392 1.28151 1.17061 0.773303 0.760152 0.50244 0.507229 0.253451 0.0621101 0.0132441 0.00758981 0.0074038
threshold=0.79179695248603832 -0.017852145247161385 0.52261683344841015 0.92586979269981395 -0.07491507381200789 0.089614741504192366 1.1137049794197085 0.51281622052192699 -6.4921669960021964 0.0059668188914656648 0.39079503715038305 0.021276892162859443 -0.016267469152808186 -1.1965142488479612 -0.26379252970218653 -0.022249867208302018 -0.29504594206809992 0.34944733977317816 0.094729233533144011 -1.3246831893920896 0.47742819786071783 -7.3703641891479483 -0.52284377813339222 -0.047097304835915559 2.3839396238327031 1.0000000180025095e-35 0.18865745514631274 0.85485106706619274 0.47140586376190191 -0.01410676399245858 -0.57432821393012989
decision_type=2 2 2 2 2 2 2 2 2 2 2 2 2 2 2 2 2 2 2 2 2 2 2 2 2 2 2 2 2 2 2
left_child=2 4 21 8 10 7 16 -6 15 14 22 -7 13 -5 -8 -4 17 -3 -11 -10 -12 27 -2 -18 25 -23 -14 30 -26 -29 -1
right_child=1 6 3 12 5 11 9 -9 19 18 20 -13 26 -15 -16 -17 23 -19 -20 -21 -22 24 -24 -25 28 -27 -28 29 -30 -31 -32
leaf_value=0 -0.0082722985440427891 0.010225800197832572 0.015916828036444092 -0.0011631237764130496 -0.013081976002711026 0.002049910381797766 0.013528354351610474 0.030900909500928431 -0.00047451248018421359 0 0 0.016997288015731263 0 0.023892353771153618 -0.0044834593115292108 -0.0063176532110286836 0.0041732351894663245 -0.003135289608510674 0.022415727509428451 -0.01724724673692107 0.040924711626361063 0 0.010747719189090442 -0.010795385290533862 -0.0024427937447068821 -0.029303958858395561 -0.010092734684490992 0 0 0.0038105298139190849 -0.0029288172627387112
leaf_weight=0.7477950095781124 10.335651873378085 87.713288113300223 36.781966050068149 25.914786990761058 11.262378050363621 255.65926478849724 50.492982731637312 256.47130586550338 55.76381880408735 31.579569446883397 7.191720556584186 116.69483381390455 2.7908018080052015 70.146750234474894 122.95243685238529 29.516208661661949 6.9422095915651871 215.61296373992809 168.806778158003 443.58178361988394 231.46579462950467 4.4455519568291484 10.112324777874163 183.4968322001514 13.994225394475508 679.65441588297836 14.251642063522011 1.1814210167503918 2.4735590136260717 2.348476948303869 5.6760839870257751
leaf_count=213 532 7450 3245 3022 544 12152 2142 7669 11594 1371 177 2402 715 7236 13816 4493 1263 21106 10777 150405 7491 2025 505 53117 5600 349286 3457 127 832 200 1997
internal_value=-0.000523486 0.0138875 -0.018858 -0.00826181 0.0236446 0.0169196 0.00332086 0.0278295 -0.0128733 0.0118126 0.0372609 0.00769162 0.0123499 0.0172589 0.00113752 0.00568588 -0.00312806 0.000825576 0.0195454 -0.0156795 0.039888 -0.0282835 0 -0.00936824 -0.0286941 -0.0291175 -0.00669889 0 -0.00171674 0.00340104 -0.00252109
internal_weight=3156.06 1766.79 1389.27 678.748 899.193 640.088 867.597 267.734 565.644 373.832 259.105 372.354 113.104 96.0615 173.445 66.2982 493.765 303.326 200.386 499.346 238.658 710.522 20.448 190.439 700.568 684.1 17.0424 9.95378 16.4678 3.5299 6.42388
internal_count=686961 142514 544447 184167 31472 22767 111042 8213 169737 28106 8705 14554 14430 10258 15958 7738 82936 28556 12148 161999 7668 360280 1037 54380 357743 351311 4172 2537 6432 327 2210
is_linear=0
shrinkage=0.0873782


Tree=3
num_leaves=32
num_cat=0
split_feature=44 1 6 44 6 5 44 12 19 10 31 39 18 1 18 30 18 20 30 12 23 10 37 30 20 31 44 6 1 16 24
split_gain=132.713 28.8108 18.306 7.34257 5.5603 5.15089 5.04736 3.68391 2.73104 2.67666 2.3238 2.09668 2.04072 1.91916 1.61216 1.32265 1.06619 0.840973 0.61614 0.593709 0.576191 0.417931 0.311458 0.269117 0.258429 0.18815 0.136617 0.125336 0.112476 0.058794 1.90903e-05
threshold=0.78788933157920849 -0.021696274168789383 1.668465316295624 0.86290037631988536 0.87910383939743053 0.091127235442399993 0.58975258469581615 10.710000038146974 0.44715730845928198 0.44838461279869085 -0.0023369829868897791 -1.0133820772171018 -0.37836030125617975 -0.021039946004748341 -0.36949616670608515 2509.020141601563 -0.45624999701976771 -0.024733304977416989 2393.978393554688 19.570000648498539 0.022371456027030948 0.31435889005661016 0.85583186149597179 1783.4795532226565 0.048985011875629432 0.023504407145082954 0.74010658264160167 1.2826061844825747 -0.032015644013881676 -0.0034234313061460848 -0.010332246311008928
decision_type=2 2 2 2 2 2 2 2 2 2 2 2 2 2 2 2 2 2 2 2 2 2 2 2 2 2 2 2 2 2 2
left_child=2 3 12 10 14 7 23 -5 18 -7 16 -12 27 -10 21 19 -2 26 -6 -8 -16 -3 -17 30 -19 -25 -14 28 -1 -29 -4
right_child=1 4 6 5 8 9 15 -9 13 -11 11 -13 17 -15 20 22 -18 24 -20 -21 -22 -23 -24 25 -26 -27 -28 29 -30 -31 -32
leaf_value=0 -0.015934607446936144 0.0053194488120379751 -3.310341160047187e-05 0.0044500811634236364 0.0037347817410789269 0.016273405676744297 0.021758688060662067 0.029318331226188536 -0.009130573392451255 -0.009134448908740796 0.022590212815281181 -0.0024001232884691822 -0.0066447654954523002 0.014516361466166987 0 -0.0074726585253257196 0.00054328782705792382 -0.02919724473737444 -0.0040948195053365092 0 -0.015627231586601203 -0.0044789334358766404 0.0039727712053234041 -0.015391778687301464 0 0 0 0.0039088325074840696 -0.0070596798815316403 -0.0006491038535242574 6.6415451744088677e-05
leaf_weight=3.966873811150438 18.741384724155068 39.206581675854977 7.2470609142328613 68.231724203564227 129.30994784840732 36.654517871909775 60.255312935740221 809.83834530753666 8.8539713438367453 44.053282030217815 44.552551573317032 24.138195453910157 21.677770851878453 222.03994596126722 9.3404951373813656 6.4963384917064095 68.532468213728862 914.3814989545499 132.86151470645564 5.8267757351277387 145.74349424082902 50.962609085923759 28.29091057027108 56.912237830256345 1.3674202526162833 4.4113633708911939 7.066277375095523 6.7759380278585013 24.998835929029156 3.5428115693503042 3.8995644852984679
leaf_count=535 642 7125 2647 1313 12764 690 5275 16616 317 845 1383 1140 9225 17256 2138 1211 4050 479302 20134 943 49534 9713 4839 23804 546 1543 1619 818 7917 407 993
internal_value=-0.000236018 0.0141741 -0.0232391 0.0229067 0.000567607 0.0257418 0.00215815 0.0276609 0.00598799 0.0023655 0.00384834 0.0141622 -0.0277707 0.012471 -0.00952401 0.0140587 -0.00449531 -0.0286032 0 0.0197628 -0.0143689 0 0 -0.0126829 -0.0291399 -0.0143906 -0.00417102 -0.00292029 -0.00539169 0 0
internal_weight=3010.18 1853.06 1157.12 1114.74 738.319 958.778 173.34 878.07 493.065 80.7078 155.965 68.6907 983.777 230.894 245.253 100.869 87.2739 944.493 262.171 66.0821 155.084 90.1692 34.7872 72.4702 915.749 61.3236 28.744 39.2845 28.9657 10.3187 11.1466
internal_count=687284 145660 541624 26679 118981 19464 41255 17929 50471 1535 7215 2523 500369 17573 68510 12268 4692 490692 32898 6218 51672 16838 6050 28987 479848 25347 10844 9677 8452 1225 3640
is_linear=0
shrinkage=0.0873782


Tree=4
num_leaves=31
num_cat=0
split_feature=44 19 43 23 3 44 44 44 17 37 19 11 30 12 5 17 6 30 3 35 24 36 35 12 30 11 35 36 13 23
split_gain=129.56 22.9675 22.0161 4.93698 5.75833 8.55788 4.19709 3.27821 3.04379 2.45454 2.1595 1.86167 1.69254 1.94114 1.59698 1.0843 1.07799 1.00915 1.14518 0.97471 1.22553 0.750709 0.676754 0.575642 0.342199 0.309401 0.141481 0.127976 0.116971 0.00562569
threshold=0.84730327129364025 0.45094196498394018 0.92586979269981395 0.013991381507366897 -0.10968011245131491 0.94933670759201061 0.79179695248603832 0.58975258469581615 30.978397369384769 1.1373320221900942 0.96375018358230602 -0.43083639442920679 2666.9755859375005 10.295000076293947 -0.03907246142625808 38.553955078125007 1.1857092976570132 2435.257690429688 -0.055342147126793854 -0.0083619565702974779 -0.01979385036975145 -0.0012364223366603253 0.0019370545051060619 11.454999923706056 1783.4795532226565 -0.19132993370294568 0.066389944404363646 -0.10526311770081519 0.031124707311391834 0.10489399358630182
decision_type=2 2 2 2 2 2 2 2 2 2 2 2 2 2 2 2 2 2 2 2 2 2 2 2 2 2 2 2 2 2
left_child=2 9 6 12 5 -5 26 24 -6 11 23 15 13 -3 -14 -2 -13 18 -9 20 -11 -21 -12 -8 29 -19 27 -1 -26 -4
right_child=1 3 7 4 8 -7 10 17 -10 19 22 16 14 -15 -16 -17 -18 25 -20 21 -22 -23 -24 -25 28 -27 -28 -29 -30 -31
leaf_value=0 0.01238487349373674 0 0 0.0055603986513137567 -0.0057426022984818749 0.040663831005195425 0 0 0.01429222079286376 0.023578625899425519 -0.0031170520045865333 -0.017436352759551264 -0.011470487822478418 0.036589971063041217 0.014151897434919607 -0.0045189563584026281 0 0.0055806680451126441 0.019747946206952784 -0.010543500722094401 0 0.0044201783161735208 0.011948153526432952 -0.017065481838133043 -0.012941865342688945 -0.0049209386628790361 0 -0.027942479076569507 0 0.0012521744587343673
leaf_weight=0.92344073206186195 21.393817546544597 8.9954597536707279 3.8245923746144381 97.442123270127922 43.20232098273118 157.76777997089084 18.64740112319123 35.819355068320874 740.87595693601179 15.840418814565053 16.032120402145665 117.15870313360938 4.6527670207433394 233.42604986100923 32.02562524782843 59.927549119835021 29.084317643428221 16.075151606550207 74.922099768766202 19.409761542541673 32.716882295004325 38.703975783893839 22.383856370317517 93.604520426393719 47.544794361339882 26.80656585120596 0.81701793716638249 923.28597643421381 1.9641732569143631 5.4918516291072592
leaf_count=372 1283 202 1444 1645 1467 1768 4838 2753 32064 407 1537 31653 186 4017 1262 9725 4060 2419 4319 2657 5838 6674 1409 26613 21300 5232 332 508134 819 1588
internal_value=0 0.016112 -0.0205731 0.0212408 0.0175325 0.0291485 -0.0255794 0.0043372 0.0129286 -0.0038781 -0.0090967 -0.00892408 0.0324112 0.0351738 0.00598934 0.000568708 -0.0142299 0.0110188 0.0147903 0.00573523 0.0128454 -0.000749308 0.00502614 -0.0147644 -0.010033 0 -0.0278778 -0.0279103 -0.0122629 0
internal_weight=2940.77 1652.62 1288.14 1318.39 1039.29 255.21 1075.69 212.449 784.078 334.235 150.668 227.564 279.1 242.422 36.6784 81.3214 146.243 153.623 110.741 106.671 48.5573 58.1137 38.416 112.252 58.8254 42.8817 925.026 924.209 49.509 9.31644
internal_count=688017 104908 583109 42611 36944 3413 543235 39874 33531 62297 34397 46721 5667 4219 1448 11008 35713 14723 7072 15576 6245 9331 2946 31451 25151 7651 508838 508506 22119 3032
is_linear=0
shrinkage=0.0873782


Tree=5
num_leaves=31
num_cat=0
split_feature=8 24 43 8 22 31 43 41 23 28 31 12 30 8 28 24 8 40 2 2 8 25 28 31 38 23 30 29 23 38
split_gain=109.526 23.7643 11.7256 8.67349 5.51152 3.12086 2.93931 2.7088 2.28702 2.04032 2.0334 2.10116 2.05817 1.88583 1.77578 1.55911 1.23563 1.22203 1.13681 1.06762 1.05126 0.899965 0.75429 0.421935 0.325879 0.277861 0.239573 0.170899 0.15621 0.109765
threshold=0.35204851627349859 -0.018511273898184296 0.92178568243980419 0.58526703715324413 6.35310983657837 -5.8259251090930768e-05 0.80772292613983165 0.94889900088310253 0.20780484378337863 -1.806712746620178 -1.0000000180025095e-35 13.434999942779543 1517.9817504882815 0.29337342083454138 -4.2256569862365714 -0.013902957085520027 0.28841298818588262 -1.1930796504020689 -0.034450495615601533 -0.045503834262490266 0.71757280826568615 -0.00010958507482428102 -10.244471073150633 -0.0036634890129789706 0.022759191691875461 0.0025144000537693505 2417.7216796875005 -5.4397096633911124 0.18464160710573199 0.049393087625503547
decision_type=2 2 2 2 2 2 2 2 2 2 2 2 2 2 2 2 2 2 2 2 2 2 2 2 2 2 2 2 2 2
left_child=2 3 13 10 5 14 19 8 -5 17 11 -2 -12 27 -3 23 24 28 -9 -6 -7 -19 -8 -15 -11 -17 -18 -1 -4 -29
right_child=1 4 9 7 6 20 22 18 -10 16 12 -13 -14 15 -16 25 26 21 -20 -21 -22 -23 -24 -25 -26 -27 -28 29 -30 -31
leaf_value=0 0.00081046597725756254 0.0080113670891628543 -0.008101407171289007 0.031400794560670388 0.00047339504880430569 0.021416232339123414 0.013907451623721687 0.014747089324456257 0.0038236862383305864 -0.014939141956017764 -0.0013022085016295912 0.013553557838932088 0.028602159510122332 -0.0062065278392528286 -0.0066384278756172138 0 0.007763625415367733 -0.00036316077536874215 -0.0068306244796017416 -0.016581580097768049 0 0.017045900309391321 -0.00052758577047095246 0.0058638870996643479 0 -0.017381177851284152 -0.00095034341437471334 -0.027111229930944881 0 0
leaf_weight=1.107423934561665 196.49783353132079 101.90006316106883 12.907996525056658 542.98186087899376 17.448092773091048 92.374405431037303 11.267260649648959 8.0406924077542481 40.176135518355295 66.873412636457942 11.210967218212316 234.93221918755444 70.646473657747265 14.042100832506547 105.58902160334401 1.8749131790245872 16.22625871363562 14.585766376054378 24.656117765814997 165.08063689628034 32.762173240829725 54.827939944836544 91.986145957402186 31.517845391528681 4.3461853007902382 113.79800234548748 11.182990563509518 750.88308789482107 2.7026069408166213 0.77276788448216294
leaf_count=579 5275 9962 1943 7485 4474 10597 911 74 977 21985 242 10899 1577 3949 19706 653 1011 2020 377 59295 2121 6797 14543 6404 1153 55817 2583 432861 414 391
internal_value=0.000456042 0.014022 -0.0208976 0.0214448 3.05815e-05 0.00761635 -0.00836215 0.0285476 0.0298861 -0.000102297 0.0119018 0.00830682 0.024058 -0.0248608 0.000164606 -0.0121355 -0.00834297 0.00820035 0.000289775 -0.0145483 0.0173745 0.0129984 0.00234499 0 -0.0136398 -0.0168098 0.00318075 -0.0270272 -0.00539545 -0.0270777
internal_weight=2845.2 1747.55 1097.65 1129.14 618.408 332.626 285.782 615.855 583.158 183.653 513.287 431.43 81.8574 913.996 207.489 161.233 98.6288 85.0243 32.6968 182.529 125.137 69.4137 103.253 45.5599 71.2196 115.673 27.4092 752.763 15.6106 751.656
internal_count=687075 148515 538560 26906 121609 42386 79223 8913 8462 37906 17993 16174 1819 500654 29668 66823 26732 11174 451 63769 12718 8817 15454 10353 23138 56470 3594 433831 2357 433252
is_linear=0
shrinkage=0.0873782


Tree=6
num_leaves=32
num_cat=0
split_feature=24 18 23 3 6 17 24 12 14 13 40 16 27 24 23 27 18 6 41 27 37 36 33 3 16 11 13 40 37 6 40
split_gain=97.3333 16.3349 13.3895 16.9403 5.88132 5.10601 4.58571 10.2237 3.71785 3.69609 3.45851 2.90116 2.55723 2.49178 2.25545 2.08691 1.98712 1.96927 1.01468 0.902641 0.787639 0.729038 0.683493 0.533773 0.525325 0.448821 0.331492 0.31984 0.272283 0.140769 0.106699
threshold=-0.013902957085520027 -0.29504594206809992 1.0000000180025095e-35 -0.10968011245131491 1.4136075973510744 51.222599029541023 -0.089622177183628068 12.400000095367433 0.16238839179277423 -0.028884189203381535 -0.80429375171661366 -0.11628108844161032 -0.01915345340967178 -0.031081791035830971 0.032530015334486968 0.020381821319460872 -0.19216281175613401 1.0167679190635683 -0.78944832086563099 0.074946280568838133 1.4037595987319949 0.018658811226487163 -0.059550233185291283 -0.12722143530845639 0.030947862192988399 -0.90893077850341786 0.0035674433456733827 -0.74332490563392628 0.7592451572418214 0.3859842717647553 -0.23576489090919492
decision_type=2 2 2 2 2 2 2 2 2 2 2 2 2 2 2 2 2 2 2 2 2 2 2 2 2 2 2 2 2 2 2
left_child=2 14 5 6 12 8 9 -8 25 -4 13 -10 29 -5 21 22 -12 27 -19 -14 24 23 -6 -2 -7 -1 -22 -16 -17 -3 -23
right_child=1 4 3 10 15 20 7 -9 11 -11 16 -13 19 -15 17 28 -18 18 -20 -21 26 30 -24 -25 -26 -27 -28 -29 -30 -31 -32
leaf_value=0.0060647523171283449 0 0.0048542594960851431 0 0.0054629056930600509 0 0.00079788989077957746 -0.017098266951585037 0.024622793840822735 0.0068717719459535451 0.040572244357536369 0.01784289395520602 0.049392295603727175 -0.024964077551386687 -0.0057863617834434397 0 0 0 -0.0069881278914986703 0.008722352052307104 0 0 -0.0039792785080379738 -0.013902931379494051 0.023151110179134609 -0.01411293709270383 -0.0093442268722847242 0.015446501009669763 -0.010089336374071861 0.01049524794742877 -0.0028921751679235486 0.0035830439943673204
leaf_weight=3.2755717339459807 2.2418526218389152 5.9807786509627467 13.133772797067648 381.73362000889028 52.25400861442904 12.571302558004396 40.486784764711047 146.54892377444776 28.432062131003477 172.33110516896704 180.27964572646306 138.75822854970465 841.40130748234515 212.94243208289845 17.34123619820457 4.3864488572580731 76.094335812289501 15.505538702098418 112.34520716971019 8.1028072980407142 4.0244775803876092 9.4410147417220269 94.578260597743792 28.929216691787591 7.4430782811250529 6.7573534067487326 6.1314268524874933 113.36707952596771 35.792719742748886 28.039487120404374 2.8942474149807813
leaf_count=214 140 906 224 26826 11609 633 600 2152 217 1569 10713 2759 462377 36869 4107 796 13158 2216 14126 1929 153 645 38120 3109 133 336 121 35588 6079 8630 165
internal_value=0.000644868 -0.0158105 0.0165039 0.0124531 -0.0207934 0.0364597 0.0275249 0.0142304 0.0415511 0.0374935 0.00520781 0.0443645 -0.0237705 0.00119758 0.00172864 -0.00519539 0.0132963 -0.001445 0.00535428 -0.0246881 0 0.0164049 -0.0101245 0.0208937 -0.00665406 -0.000231063 0.0113883 -0.00861547 0.00829947 0 0
internal_weight=2803.55 1372.6 1430.94 1223.55 1070.54 207.394 372.501 187.036 177.223 185.465 851.05 167.19 883.524 594.676 302.065 187.011 256.374 258.559 127.851 849.504 30.1703 43.5063 146.832 31.1711 20.0144 10.0329 10.1559 130.708 40.1792 34.0203 12.3353
internal_count=687219 590542 96677 92111 530446 4566 4545 2752 3526 1793 87566 2976 473842 63695 60096 56604 23871 56037 16342 464306 1040 4059 49729 3249 766 550 274 39695 6875 9536 810
is_linear=0
shrinkage=0.0873782


Tree=7
num_leaves=31
num_cat=0
split_feature=1 6 23 27 12 27 28 7 41 27 15 23 42 27 34 5 42 28 7 42 38 27 36 12 38 41 23 42 24 42
split_gain=76.2094 14.0357 11.436 5.89192 6.80917 4.2035 4.14504 3.82357 2.89532 2.39557 2.33938 2.08076 3.06349 2.13752 1.9892 1.72518 1.6473 1.4031 2.13471 1.34588 1.21631 0.886474 0.884949 0.752224 0.574799 0.529903 0.290087 0.270571 0.182754 0.103641
threshold=-0.018329150974750515 1.2909845709800722 1.0000000180025095e-35 -0.03584680147469043 19.73499965667725 -0.01915345340967178 -1.5387233495712278 0.41149263083934789 -1.6221192479133604 0.035152364522218711 0.060263134539127357 0.020903012715280059 0.046621998772025115 0.013706143479794266 0.082735050469636931 0.10078718140721322 0.10971524566411973 -14.223633766174315 0.79201802611351024 0.59101060032844555 -0.030589488334953781 0.016415850259363655 0.02002484351396561 13.284999847412111 0.0075336019508540639 -0.73950722813606251 0.36114451289176946 0.066722501069307341 0.017256001941859726 0.20575097203254702
decision_type=2 2 2 2 2 2 2 2 2 2 2 2 2 2 2 2 2 2 2 2 2 2 2 2 2 2 2 2 2 2
left_child=2 5 7 4 8 16 19 10 -4 20 25 13 -13 -5 -6 27 24 -9 -19 21 -7 -3 -12 -21 -2 -1 -17 -8 -18 -11
right_child=1 6 3 11 14 9 15 17 -10 29 22 12 -14 -15 -16 26 28 18 -20 23 -22 -23 -24 -25 -26 -27 -28 -29 -30 -31
leaf_value=-0.017844092184734275 0.016788303038802979 0.0037694134644895984 0.0017244277144168152 -0.013033866301653556 0.0097025806426876433 0 0 0 0.022013968065585109 0.0022485017624684408 -0.0004163976379815807 0.01731675874235036 0.00037534229727242074 0.009358926849655386 -0.014843408287634452 0.0074493830398095822 -0.010434005847708146 0.04265040718279179 0.012406580642177431 0.0047366592955981899 -0.023843065513439697 0.020266547837219068 0.021324860408979768 -0.0076309607396003853 -0.00040002323762160398 0 -0.0023240766034334235 -0.016501442445351209 0 -0.0033634729941996885
leaf_weight=9.7004364579916018 19.249611642851963 116.26308773786877 79.652244570257608 91.480229273263831 14.232985375274437 20.888077758107102 11.598204466892637 8.6254850025288743 396.32379671843955 11.511435670661738 6.7786333551048328 94.877192133717472 319.95313757154508 22.033641549933236 54.323755505261943 22.921342293877387 40.175505512452219 135.56559253600426 59.794310568628134 42.414026834361721 867.4211080254172 32.682503711024765 19.976600477122702 57.063683158252388 4.3061075730365692 8.6759978834306803 9.1188945052563195 123.92379255010746 9.4877767564612423 33.117612534057116
leaf_count=287 2441 16556 857 15107 303 8087 4027 91 5881 1562 174 4400 39814 821 1332 2047 12954 2198 985 6179 472593 1992 287 14858 615 143 1984 56237 2593 10510
internal_value=-0.00137489 -0.0153363 0.0135692 0.00914174 0.0153748 -0.0208263 -0.00143401 0.0299597 0.0190602 -0.0223742 0.0025864 0.00216568 0.00517084 -0.00708111 -0.00744122 -0.0114665 0 0.0347011 0.0360733 0.00531516 -0.0233504 0.0101539 0.0158946 -0.00156712 0.0125976 -0.0122221 0.00285651 -0.0154633 -0.00865668 -3.31005e-05
internal_weight=2744.14 1422.14 1321.99 1072.88 544.533 1006.16 415.986 249.117 475.976 932.938 45.1317 528.344 414.83 113.514 68.5567 167.562 73.219 203.985 195.36 248.423 888.309 148.946 26.7552 99.4777 23.5557 18.3764 32.0402 135.522 49.6633 44.629
internal_count=687915 615235 72680 68515 8373 511355 103880 4165 6738 492752 891 60142 44214 15928 1635 64295 18603 3274 3183 39585 480680 18548 461 21037 3056 430 4031 60264 15547 12072
is_linear=0
shrinkage=0.0873782


Tree=8
num_leaves=28
num_cat=0
split_feature=44 22 31 44 36 24 40 37 14 29 12 25 36 24 44 12 39 14 36 29 18 18 15 14 37 1 22
split_gain=73.0172 23.0725 9.00433 6.57076 4.55363 4.40327 3.34849 3.00638 2.7044 2.27405 2.17764 2.02788 1.87828 1.83621 1.65902 1.10303 0.893603 0.739212 0.706158 0.683711 0.664499 0.364228 0.240726 0.225584 0.222966 0.18321 0.0768662
threshold=0.80788728594779979 1.0000000180025095e-35 -0.0047873004805296651 0.58595728874206554 -0.025527258403599259 -0.056265426799654954 -1.4732373952865598 0.65168890357017528 0.36579240858554846 1.580725431442261 15.744999885559084 0.00012248598795849833 -0.011927586980164049 -0.023695888929069039 0.85512089729309093 15.425000190734865 -1.3678018450736997 0.44335937500000006 -0.075050171464681611 -1.683972895145416 -0.13604779541492459 -0.40827965736389155 -0.040528740733861916 0.27706472575664526 0.79708245396614086 -0.047754634171724313 1.5915148258209231
decision_type=2 2 2 2 2 2 2 2 2 2 2 2 2 2 2 2 2 2 2 2 2 2 2 2 2 2 2
left_child=3 8 4 21 5 -3 -6 16 12 13 14 -9 18 17 -10 -14 -4 -5 -2 -15 24 -1 23 -23 -11 -24 -22
right_child=1 2 7 9 6 -7 -8 11 10 20 -12 -13 15 19 -16 -17 -18 -19 -20 -21 26 22 25 -25 -26 -27 -28
leaf_value=0 0 0.031249695249267729 0.0029051721455307642 -0.0049306269580379628 -0.0091399199784725545 0.0065722956507319186 0.010412735649451518 -0.0020370845477699902 0 0 0.0010737499076096642 0.0074143003844326571 -0.010628259862749014 0 0.042085329206335086 0.0086776236558353086 -0.012231166738272424 0.0089852247704180852 0.025442600599373189 -0.014459893270170471 0 -0.0082862513262203612 0 0 0.015269502119557901 -0.024271154564131509 -0.0045197942174919174
leaf_weight=4.9169217831658889 8.7638590652495605 147.06258288468234 14.119699198578017 37.931635539920535 68.75346592994174 123.16565110202646 213.96869612566661 337.0610128925764 11.216523238224907 3.5231413209694464 18.725106955214869 297.38935078104259 20.61677967000287 13.042855409905313 180.7870856487425 26.154071070195641 151.94053654518211 30.64679698710097 37.411673416383564 262.52288898832921 1.8936416062060732 17.617484798887748 1.0495921990368504 11.683539845253106 21.654039563902188 646.97570900450228 12.051853203942299
leaf_count=1968 147 1794 1373 9259 2166 4601 11858 43513 315 741 216 32208 265 3840 1787 388 30961 4708 454 125173 491 10825 435 7446 3018 383233 4962
internal_value=-0.000655948 0.010733 0.00551356 -0.0183271 0.0138622 0.0217069 0.00498894 -0.000337834 0.031729 -0.00807327 0.0376496 0.00232857 0.0127477 -0.0104905 0.0402379 0 -0.0101825 0.000767245 0.0220181 -0.0135045 0.00755853 -0.0235042 -0.0236708 -0.00439971 0.0133996 -0.024209 -0.00172571
internal_weight=2722.65 1657.14 1353.46 1065.51 552.95 270.228 282.722 800.511 303.675 383.267 210.729 634.45 92.9464 344.144 192.004 46.7709 166.06 68.5784 46.1755 275.566 39.1227 682.243 677.326 29.301 25.1772 648.025 13.9455
internal_count=688145 132046 128474 556099 20419 6395 14024 108055 3572 152192 2318 75721 1254 142980 2102 653 32334 13967 601 129013 9212 403907 401939 18271 3759 383668 5453
is_linear=0
shrinkage=0.0873782


Tree=9
num_leaves=30
num_cat=0
split_feature=44 42 19 43 10 32 8 44 20 44 44 19 36 36 7 44 22 40 20 33 14 11 20 17 35 32 43 20 20
split_gain=66.3065 19.8808 11.2628 8.95792 5.44616 4.54729 4.05043 2.14415 2.07209 1.93778 1.93592 1.86043 1.57167 1.53239 1.37927 1.22346 1.03363 1.02228 0.770272 0.908021 0.437485 0.410196 0.217907 0.139847 0.126563 0.0833932 0.0680842 0.0672596 0.0243373
threshold=0.82779932022094738 0.010329424869269134 0.39613656699657446 0.92586979269981395 0.20437441766262057 -1.0748539566993711 0.77711349725723278 0.59368184208869945 -0.047619046643376343 0.91780304908752453 0.90171790122985851 0.53044223785400402 0.064031019806861891 -0.065040558576583848 0.99971830844879161 0.4792537540197373 1.0000000180025095e-35 -0.99009978771209706 -0.032178884372115128 -0.073570419102907167 0.45507812500000006 -2.1231751441955562 -0.042857121676206582 1.0000000180025095e-35 -0.029255297034978863 -4.4975695610046378 0.97701174020767223 -0.016849572770297524 -0.039311163127422326
decision_type=2 2 2 2 2 2 2 2 2 2 2 2 2 2 2 2 2 2 2 2 2 2 2 2 2 2 2 2 2
left_child=3 5 14 15 8 9 -6 24 -4 10 -2 -11 13 -7 20 21 27 -14 26 -20 -3 -1 -18 -23 -5 -16 -9 -17 -26
right_child=1 2 4 7 6 12 -8 18 -10 11 -12 -13 17 -15 25 16 22 -19 19 -21 -22 23 -24 -25 28 -27 -28 -29 -30
leaf_value=0 0.020667989907534941 -0.0049227369936138748 0.032367136421284699 0 0.0019719799126376261 -0.0021463704000042319 0.01607604182202043 0 0.011996851841728339 0.0034223064986451056 -0.0057990223552583167 0.049358884013073707 -0.013881306104471006 0.020841689370242351 0 0.0042871204386429815 0 0.0072270134898772698 0.015709103309832651 0 -0.016603221456343478 0 -0.01510529377543712 -0.024033962186253109 0 0.0085855275706236064 -0.0051964216924804208 0 -0.010760557975772987
leaf_weight=10.161273822130168 36.81599631824065 103.82081646416918 82.004619917308446 2.5362592575256704 602.5685396225017 13.129303170833735 203.39860684919404 9.0696589496801625 183.01313890979509 16.107648736680858 12.722920486237852 116.60461500834208 11.830218633171173 81.46381090633804 2.0278544416651121 10.528112771688027 4.4240396670938926 10.243253069813361 66.138423714874079 31.617128197976854 111.13081397424685 1.6229615931806609 402.10294607808464 485.1692211896152 1.189447191543876 8.1326834317005687 7.6123316093871827 4.3024851394875432 52.757346407539444
leaf_count=6221 485 29702 1208 884 36072 169 4938 909 9610 283 128 735 149 1114 162 1261 1344 149 4399 7231 32521 911 215842 302884 410 1073 726 1940 24134
internal_value=1.62608e-06 0.0113337 0.00628796 -0.0163918 0.0100633 0.030953 0.00599262 0.00127191 0.0206651 0.039613 0.0126688 0.0457547 0.0125243 0.0169226 -0.010537 -0.019747 -0.0140317 -0.00291545 0.00820995 0.011119 -0.0123933 -0.0235885 -0.0148973 -0.0239518 -0.0097769 0.00701364 -0.00268011 0.00149885 -0.0105605
internal_weight=2684.25 1595.01 1296.1 1089.23 1070.98 298.918 805.967 170.921 265.018 182.251 49.5389 132.712 116.667 94.5931 225.112 918.311 421.358 22.0735 114.438 97.7556 214.952 496.953 406.527 486.792 56.4831 10.1605 16.682 14.8306 53.9468
internal_count=687594 118498 115286 569096 51828 3212 41010 38693 10818 1631 613 1018 1581 1283 63458 530403 220387 298 13265 11630 62223 310016 217186 303795 25428 1235 1635 3201 24544
is_linear=0
shrinkage=0.0873782


end of trees

feature_importances:
Column_44=25
Column_18=14
Column_23=14
Column_43=14
Column_24=11
Column_27=11
Column_28=11
Column_30=11
Column_6=10
Column_12=10
Column_36=10
Column_35=8
Column_37=8
Column_40=8
Column_42=8
Column_8=7
Column_20=7
Column_29=7
Column_32=7
Column_41=7
Column_1=6
Column_7=6
Column_10=6
Column_19=6
Column_22=6
Column_31=6
Column_11=5
Column_14=5
Column_16=5
Column_33=5
Column_2=4
Column_3=4
Column_13=4
Column_17=4
Column_38=4
Column_4=3
Column_5=3
Column_25=3
Column_15=2
Column_39=2
Column_9=1
Column_34=1

parameters:
[boosting: gbdt]
[objective: lambdarank]
[metric: ndcg]
[tree_learner: serial]
[device_type: cpu]
[data_sample_strategy: bagging]
[data: ]
[valid: ]
[num_iterations: 130]
[learning_rate: 0.0873782]
[num_leaves: 39]
[num_threads: 15]
[seed: 0]
[deterministic: 0]
[force_col_wise: 0]
[force_row_wise: 0]
[histogram_pool_size: -1]
[max_depth: 5]
[min_data_in_leaf: 112]
[min_sum_hessian_in_leaf: 0.001]
[bagging_fraction: 0.414044]
[pos_bagging_fraction: 1]
[neg_bagging_fraction: 1]
[bagging_freq: 1]
[bagging_seed: 6]
[bagging_by_query: 0]
[feature_fraction: 0.530368]
[feature_fraction_bynode: 1]
[feature_fraction_seed: 6]
[extra_trees: 0]
[extra_seed: 6]
[early_stopping_round: 0]
[early_stopping_min_delta: 0]
[first_metric_only: 0]
[max_delta_step: 0]
[lambda_l1: 1.23285]
[lambda_l2: 21.9019]
[linear_lambda: 0]
[min_gain_to_split: 0]
[drop_rate: 0.1]
[max_drop: 50]
[skip_drop: 0.5]
[xgboost_dart_mode: 0]
[uniform_drop: 0]
[drop_seed: 4]
[top_rate: 0.2]
[other_rate: 0.1]
[min_data_per_group: 100]
[max_cat_threshold: 32]
[cat_l2: 10]
[cat_smooth: 10]
[max_cat_to_onehot: 4]
[top_k: 20]
[monotone_constraints: ]
[monotone_constraints_method: basic]
[monotone_penalty: 0]
[feature_contri: ]
[forcedsplits_filename: ]
[refit_decay_rate: 0.9]
[cegb_tradeoff: 1]
[cegb_penalty_split: 0]
[cegb_penalty_feature_lazy: ]
[cegb_penalty_feature_coupled: ]
[path_smooth: 0]
[interaction_constraints: ]
[verbosity: -1]
[saved_feature_importance_type: 0]
[use_quantized_grad: 0]
[num_grad_quant_bins: 4]
[quant_train_renew_leaf: 0]
[stochastic_rounding: 1]
[linear_tree: 0]
[max_bin: 255]
[max_bin_by_feature: ]
[min_data_in_bin: 3]
[bin_construct_sample_cnt: 200000]
[data_random_seed: 6]
[is_enable_sparse: 1]
[enable_bundle: 1]
[use_missing: 1]
[zero_as_missing: 0]
[feature_pre_filter: 1]
[pre_partition: 0]
[two_round: 0]
[header: 0]
[label_column: ]
[weight_column: ]
[group_column: ]
[ignore_column: ]
[categorical_feature: ]
[forcedbins_filename: ]
[precise_float_parser: 0]
[parser_config_file: ]
[objective_seed: 5]
[num_class: 1]
[is_unbalance: 0]
[scale_pos_weight: 1]
[sigmoid: 1]
[boost_from_average: 1]
[reg_sqrt: 0]
[alpha: 0.9]
[fair_c: 1]
[poisson_max_delta_step: 0.7]
[tweedie_variance_power: 1.5]
[lambdarank_truncation_level: 30]
[lambdarank_norm: 1]
[label_gain: ]
[lambdarank_position_bias_regularization: 0]
[eval_at: 1,3]
[multi_error_top_k: 1]
[auc_mu_weights: ]
[num_machines: 1]
[local_listen_port: 12400]
[time_out: 120]
[machine_list_filename: ]
[machines: ]
[gpu_platform_id: -1]
[gpu_device_id: -1]
[gpu_use_dp: 0]
[num_gpu: 1]

end of parameters

pandas_categorical:null
