tree
version=v4
num_class=1
num_tree_per_iteration=1
label_index=0
max_feature_idx=44
objective=lambdarank
feature_names=Column_0 Column_1 Column_2 Column_3 Column_4 Column_5 Column_6 Column_7 Column_8 Column_9 Column_10 Column_11 Column_12 Column_13 Column_14 Column_15 Column_16 Column_17 Column_18 Column_19 Column_20 Column_21 Column_22 Column_23 Column_24 Column_25 Column_26 Column_27 Column_28 Column_29 Column_30 Column_31 Column_32 Column_33 Column_34 Column_35 Column_36 Column_37 Column_38 Column_39 Column_40 Column_41 Column_42 Column_43 Column_44
feature_infos=[-4.7269798481280184e-14:1] [-0.7835051417350769:1.5260869264602661] [-0.80000001192092896:10.619999885559082] [-0.84068763256072998:55.001640319824219] [-93.784477233886719:87.894783020019531] [-0.81634527444839478:5.7913503646850586] [0:20] [0:1] [0:2942.8525390625] [0:12.648478507995605] [0:1] [-4.2485289573669434:4.2469425201416016] [9.1400003433227539:82.69000244140625] [-0.17969310283660889:0.17358152568340302] [0.0055803572759032249:0.8337053656578064] [-0.25682055950164795:0.16831426322460175] [-0.83333331346511841:55] [0:100] [-0.97123289108276367:1.4595750139263943e-16] [-2.2250103709898876e-14:10.955142021179199] [-0.57999998331069946:1.4087591171264648] [36.821052551269531:88.101936340332031] [-6.364999131057425e-13:82.69000244140625] [-2.3819547340943846e-14:0.8337053656578064] [-8.1700239181518555:29.004283905029297] [-0.10802798718214035:0.15160000324249268] [-0.5024714469909668:0.95014339685440063] [-148.22723388671875:9186.1044921875] [-70.369499206542969:2.9256473528933803e-15] [-84.9705810546875:73.015769958496094] [0:6661.1494140625] [-0.17484560608863831:1.3621768951416016] [-14.883621215820312:6.8883991241455078] [-0.96174496412277222:7.1680957254783217e-17] [-1.3979393814408936e-13:1] [-0.67198175191879272:3.6000001430511475] [-0.83333331346511841:9.4000005722045898] [0:20] [-0.63414633274078369:1.6903225183486938] [-1.7888543605804443:1.7888543605804443] [-1.7888543605804443:1.7888543605804443] [-1.7888543605804443:1.7888543605804443] [0:1] [0:1] [0:1]
tree_sizes=3595 3430 3395 3523 3587 3534 3443 3406 3333 3289 3530 3486 3444 3485 3547 3540

Tree=0
num_leaves=32
num_cat=0
split_feature=33 43 27 43 24 18 29 26 38 14 10 18 26 14 35 38 41 39 20 18 10 31 24 41 24 39 31 31 10 16 37
split_gain=15.6443 7.43304 4.84199 3.08522 2.99338 2.82646 3.324 2.09162 2.03957 1.58332 1.29141 1.48531 1.01633 0.971265 0.884288 1.31847 0.829477 0.915128 0.791149 0.652943 0.769581 0.588569 0.514118 0.506391 0.46607 0.390939 0.26667 0.347166 0.136915 0.0653196 0.00784034
threshold=-0.089032460004091249 0.86588412523269664 0.011935598216950895 0.75487184524536144 -0.0047817127779126159 -0.44010613858699793 -0.8403102159500121 -0.0071083819493651381 0.016288372687995437 0.52594864368438732 0.51228198409080516 -0.17106775939464566 0.083726137876510634 0.31668527424335485 0.0074943413492292174 0.01242800895124674 1.215987026691437 1.3989327549934389 -0.01169842481613159 -0.0046565840020775786 0.24845784902572635 -0.0046838372945785514 0.010751436464488508 -0.25567886233329767 0.0018749357550404968 -1.3009201884269712 0.014175087679177524 0.0544379260390997 0.70524942874908458 0.053249528631567962 1.2534755468368532
decision_type=2 2 2 2 2 2 2 2 2 2 2 2 2 2 2 2 2 2 2 2 2 2 2 2 2 2 2 2 2 2 2
left_child=3 2 4 5 7 6 21 -2 -6 13 18 -12 -8 -4 19 24 17 25 -7 20 -3 -1 -11 -17 -16 -5 28 -28 -18 -21 -19
right_child=1 14 9 16 8 10 12 -9 -10 22 11 -13 -14 -15 15 23 26 30 -20 29 -22 -23 -24 -25 -26 -27 27 -29 -30 -31 -32
leaf_value=0.0017151233540849344 0.010677723779011449 0 0 0 -0.014530867530253355 0.0037201712075897678 0.021293722035889369 -0.0061194777034596533 0.00053820671434776611 -0.0077357084293020219 0.0096831338447569311 -0.0056904779469017647 -0.0011442758861059917 0.017020376205812544 0 -0.00080724023070662457 -0.0065495841748132574 0 -0.0061731076482653057 -0.0043588418789243903 0.0187243601064155 -0.015347445592423308 0.0025024944831153416 0.012505343395759046 -0.013611042468273077 0.023162131385058134 0.011180248866579003 -0.00080186069237069739 0 0 -0.0015143344623689862
leaf_weight=3.9576029037707512 52.403644970094319 20.528952797641978 22.687175833008951 11.891514442599144 718.19556999851193 62.21244321364793 130.01694481461891 197.42329438330489 58.831354252179153 48.684530362545047 172.66148099442944 38.120646739611402 4.8649159011547445 56.017163176366012 10.944303536147347 8.7127603532571793 10.86526359524578 3.5777363013185086 156.79350176754815 4.7047965223609927 80.659816267347196 12.439657687966244 41.57756835440523 39.712056327116443 20.532226706185611 152.46147338187438 12.785736267891481 4.6551473611616521 2.9551329821115351 1.6538146665552629 4.2014802889025304
leaf_count=1154 19020 9194 8705 3649 265894 22435 34400 70918 21147 17221 56760 12578 1637 18533 3835 2846 3249 1459 57495 1488 26947 3222 14543 12833 6681 48790 3343 1189 1057 482 1450
internal_value=-0.000170531 -0.00578376 -0.00837335 0.00948215 -0.0106334 0.00558254 0.0150932 -0.001623 -0.0132716 0.00444122 0.0014269 0.00616588 0.0197505 0.0122743 0.0093695 0.000501822 0.0185189 0.0207534 -0.00283287 0.0139259 0.0156331 -0.00979078 -0.00249148 0.00907288 -0.00897842 0.0220501 0.000707767 0.006578 -0.00317576 -0.000490631 0
internal_weight=2167.73 1383.27 1195.82 784.461 1026.85 581.067 151.279 249.827 777.027 168.966 429.788 210.782 134.882 78.7043 187.449 79.9013 203.393 172.132 219.006 107.547 101.189 16.3973 90.2621 48.4248 31.4765 164.353 31.2613 17.4409 13.8204 6.35861 7.77922
internal_count=754154 500287 435981 253867 376979 189681 40413 89938 287041 59002 149268 69338 36037 27238 64306 26195 64186 55348 79930 38111 36141 4376 31764 15679 10516 52439 8838 4532 4306 1970 2909
is_linear=0
shrinkage=0.0873782


Tree=1
num_leaves=31
num_cat=0
split_feature=44 43 43 18 33 12 22 39 42 35 40 33 42 24 44 18 18 24 21 3 21 12 24 21 44 2 21 44 21 21
split_gain=87.1246 31.1672 25.2999 13.1121 7.83983 5.17513 4.82227 4.43685 4.30517 2.89365 2.42377 3.1697 2.60109 1.94626 1.7093 0.966461 0.629934 0.594153 0.561242 0.371593 0.294858 0.270549 0.266807 0.218798 0.118345 0.115014 0.0572191 0.0516584 0.0232854 0.00178178
threshold=0.65307489037513744 0.75487184524536144 0.75487184524536144 -0.22364541888236997 -0.085591137409210191 14.065000057220461 20.217298507690433 -0.027581675909459587 0.96733668446540844 0.011359236668795349 -1.0887975692749021 -0.096211001276969896 0.14879955351352694 0.052565103396773345 0.83670571446418773 -0.37226156890392298 -0.44010613858699793 -0.020028282888233658 59.553558349609382 -0.077484756708145128 59.899188995361335 15.835000038146974 -0.020028282888233658 59.391880035400398 0.62191316485404979 0.009771532844752075 42.996105194091804 0.60985222458839428 49.756801605224616 59.899188995361335
decision_type=2 2 2 2 2 2 2 2 2 2 2 2 2 2 2 2 2 2 2 2 2 2 2 2 2 2 2 2 2 2
left_child=2 14 15 6 5 9 8 -7 -3 -4 12 -12 -5 -8 16 26 28 25 19 -17 -20 -19 -18 24 -6 -16 -1 -28 -2 -25
right_child=1 3 4 10 23 7 13 -9 -10 -11 11 -13 -14 -15 17 18 22 21 20 -21 -22 -23 -24 29 -26 -27 27 -29 -30 -31
leaf_value=0 0.0017381173122038478 0.027717161230045511 0.01273035177067963 0.0061210897395211905 -0.019036085151893551 0.0016280358560198018 -0.014664881450517033 -0.014362300878994238 -0.0055605813885004907 -0.0098407812883692242 0.016052338997535776 -0.0025334396907378803 -0.018518456662388081 0.011525792542452631 0.0091911938777149895 0 0 -0.0036790150278801057 0 -0.028502100204772965 -0.010551578074581777 0.0015132577713702345 -0.011954295352223979 0 0 0 -0.0069052120797445634 0 -0.0010393166599374094 -0.00062750791615131499
leaf_weight=5.9878679422836276 23.077273845061427 943.40988366326201 240.66340925788973 43.043776323203929 202.61355197508237 281.99762783944607 21.609870780608617 206.57015397655778 18.22283621376846 29.669194547459483 157.88949028908974 91.629083951876964 40.74239560397109 19.807816914981231 37.062783041474177 3.798694360186345 19.933813579787966 145.33157324942295 2.1194342627422875 588.08739240586874 52.0401839944534 88.815456658194307 182.32082966182497 1.0748382151941758 8.8382388844620419 7.3663968810578799 26.451794686145149 6.2189482166431835 16.886044010636397 12.645966603420673
leaf_count=2005 5527 28798 6861 2538 79395 12421 1349 10702 1160 902 4327 22523 2897 1954 11620 1901 8953 48125 1223 326037 29316 30123 84751 429 3122 2441 10224 2170 4482 5093
internal_value=0.000730206 0.0137029 -0.0136336 0.0206908 -0.00433764 0 0.025628 -0.00524791 0.0268672 0.00933266 0.0048653 0.00917663 -0.00619571 -0.000783848 -0.00414092 -0.026293 -0.00919646 0.000246214 -0.0272061 -0.0283323 -0.0088677 -0.00132782 -0.011005 -0.0178569 -0.0185681 0.00786498 -0.00493403 -0.00591786 0 0
internal_weight=3525.93 1857.15 1668.78 1336.36 984.073 758.9 1003.05 488.568 961.633 270.333 333.305 249.519 83.7862 41.4177 520.794 684.704 242.218 278.576 646.046 591.886 54.1596 234.147 202.255 225.173 211.452 44.4292 38.6586 32.6707 39.9633 13.7208
internal_count=753369 261568 491801 65546 118925 30886 33261 23123 29958 7763 32285 26850 5435 3303 196022 372876 103713 92309 358477 327938 30539 78248 93704 88039 82517 14061 14399 12394 10009 5522
is_linear=0
shrinkage=0.0873782


Tree=2
num_leaves=31
num_cat=0
split_feature=44 43 18 35 13 1 22 13 10 8 11 42 7 2 33 44 22 1 43 14 13 35 43 13 13 18 13 14 6 1
split_gain=119.175 38.982 10.5148 5.66518 6.7565 4.99368 4.90943 3.76623 2.92049 2.45118 1.89163 1.87718 1.68853 1.20937 1.10364 0.998785 0.811134 0.739427 0.706993 0.590219 0.621461 0.443784 0.242199 0.203631 0.171483 0.101235 0.0856808 0.0370011 0.0112593 0.00579571
threshold=0.65307489037513744 0.78226903080940258 -0.34342747926712031 0.091005794703960433 1.0000000180025095e-35 -0.033557320013642304 1.4488582611083987 0.032011518254876144 0.91456022858619701 0.33217243850231176 -2.1554892063140865 0.033780012279748924 0.58044683933258068 -0.038650864735245698 -0.39762692153453821 0.43950185179710394 0.85324111580848705 -0.0092438268475234491 0.95724710822105419 0.59960937500000011 0.044685810804367072 0.017611672170460228 0.75866860151290905 0.03417212329804898 0.055548202246427543 -0.59089362621307362 0.055548202246427543 0.45172990858554846 1.5166365504264834 -0.11028009280562399
decision_type=2 2 2 2 2 2 2 2 2 2 2 2 2 2 2 2 2 2 2 2 2 2 2 2 2 2 2 2 2 2
left_child=7 5 3 4 -3 13 9 10 -8 -4 28 17 -5 16 -13 25 -2 -7 -17 21 23 24 -15 -21 -9 -12 -22 -23 29 -1
right_child=1 2 6 12 -6 11 8 19 -10 -11 15 14 -14 22 -16 18 -18 -19 -20 20 26 27 -24 -25 -26 -27 -28 -29 -30 -31
leaf_value=0 0 0.013172777085253712 0 -0.014226836884829588 0.030542163236292479 0.012835068574222749 0.0068878814570491661 -0.014639315658249247 -0.011079725428775094 0.029592427926378943 0 0.00060344173448038485 0.010762674779301613 0.0018027816397768121 -0.012768116628461652 -0.020424611679937026 0.020415977412547463 -0.0043225383587827577 0 0 -0.0056186417988531665 0.0033293178816598589 -0.0075832780990228296 0.01540307399519826 0 -0.031930851946779047 0 0 0 -0.0019113218031993589
leaf_weight=0.33786076493561168 9.8123914089519513 346.26806499349186 27.09011168545112 29.80517841791152 603.67763225969975 19.985421014949683 514.21149713930208 13.866277665714739 55.233663754625013 87.929551365203224 0.74895004957215761 33.019250281300629 10.182236901659051 19.497640930407218 496.30454904949875 272.29073691580561 41.464976171177113 7.9832221976830615 14.556455532700054 1.4921239273389826 5.3329104218282719 4.6838721232488743 8.7954556229815335 10.217101870774057 3.6048208599095224 546.12034257224877 5.809785743476823 2.7843785339500755 11.457735454023348 13.742288526205813
leaf_count=191 2320 6920 1482 940 10750 4693 32168 7978 3973 3136 290 7212 190 6914 170062 141980 7818 2370 5184 867 2985 2455 274 5729 1984 305624 3317 1479 4292 7466
internal_value=8.76576e-05 0.0106582 0.0176127 0.0233969 0.0247612 -0.00744004 0.00862845 -0.0263477 0.00461712 0.0237859 -0.0276493 -0.0104753 -0.0045661 0.0104289 -0.0117477 -0.0283581 0.0166221 0.00603006 -0.0194939 -6.49168e-05 0.00584021 -0.00797632 -0.00100464 0.0134338 -0.0127057 -0.0318885 -0.00249445 0.000644104 0 -0.00154566
internal_weight=3218.31 2311.26 1674.4 989.933 949.946 636.863 684.465 907.046 569.445 115.02 859.254 557.292 39.9874 79.5705 529.324 833.716 51.2774 27.9686 286.847 47.7913 22.8519 24.9393 28.2931 11.7092 17.4711 546.869 11.1427 7.46825 25.5379 14.0801
internal_count=753043 261222 59559 18800 17670 201663 40759 491821 36141 4618 465027 184337 1130 17326 177274 453078 10138 7063 147164 26794 12898 13896 7188 6596 9962 305914 6302 3934 11949 7657
is_linear=0
shrinkage=0.0873782


Tree=3
num_leaves=32
num_cat=0
split_feature=44 6 19 18 21 44 20 10 1 28 6 24 18 8 28 0 14 6 5 21 28 21 22 18 44 12 30 28 12 14 44
split_gain=103.593 18.1163 8.36418 7.44226 5.99574 5.16042 3.92859 3.85517 3.04082 2.55941 1.55921 1.5534 0.92145 0.889634 1.35492 0.830424 0.812085 0.74783 0.708816 0.56211 0.534459 0.525059 0.46881 0.450018 0.384455 0.331027 0.312456 0.292053 0.229051 0.174882 0.0501743
threshold=0.70443516969680797 0.96123453974723827 0.81473594903945934 -0.29086330533027643 59.553558349609382 0.66507014632225048 -0.037170294672250741 0.17392742633819583 -0.019072842784225937 -1.70996618270874 1.2526453733444216 -0.015751071274280545 -0.39391556382179255 0.41131274402141577 -5.828941583633422 0.25926528871059423 0.77762275934219371 2.8047449588775639 0.10955197736620904 42.996105194091804 -9.7421202659606916 54.710008621215827 1.0917519927024844 -0.52702710032463063 0.67687326669693004 38.085000991821296 2074.2707519531255 -19.403097152709957 24.464999198913578 0.67745536565780651 0.65307489037513744
decision_type=2 2 2 2 2 2 2 2 2 2 2 2 2 2 2 2 2 2 2 2 2 2 2 2 2 2 2 2 2 2 2
left_child=5 8 3 6 9 16 -3 -6 22 -4 11 26 20 14 -12 -5 17 18 -1 28 -10 -14 29 -24 -15 -21 -7 -13 -18 -2 -19
right_child=1 2 4 15 7 10 -8 -9 12 -11 13 27 21 24 -16 -17 19 30 -20 25 -22 -23 23 -25 -26 -27 -28 -29 -30 -31 -32
leaf_value=-0.026174928543373829 0.014430217941577375 -0.0049053734747091203 0.026824094151054179 -0.014700443896248649 0.021870436695350534 0.0092931232287556346 0.014555167893082224 -0.0095929673339888895 -0.0081091919662552876 0 -0.014996067193096358 0 -0.016108810927129832 0 0.0049564943831618075 -0.0011753536407838002 0 -0.0029891791448722468 0 0.012501747519834424 0.0033591125873043155 0 0.0073271526642563877 -0.0043110498773032985 0.015768755146055562 -0.0002615934256453592 -0.001988189324584424 -0.020304475104336805 -0.012186229511673728 0 0.0019290879490296219
leaf_weight=851.83945577315171 19.580175183131363 68.672647012106609 541.59159866788832 36.951827231212519 22.566429455124307 8.2320232699858042 768.25302064769494 66.832356971048284 30.387305270560319 20.865941721946001 20.461937145795673 1.5005365439574223 161.49185605460661 3.9091125353006673 38.135520842042752 149.70621394897171 0.73516802280210214 11.19668898679083 8.9226284400501736 3.9983619696868109 43.580513859778875 24.27887711749645 21.381103050589445 37.937263728337712 15.897323104727546 2.9499416765756905 7.9588254935079012 52.762689892551862 8.5220774080953543 0.85908373686834139 1.5667171053355549
leaf_count=484720 5439 1636 13404 4500 737 1010 26037 3474 11822 4536 540 276 72539 340 4402 34883 428 4933 3915 2158 14256 11142 4211 13049 846 1734 1995 19900 4253 299 128
internal_value=-0.000542945 0.0109559 0.0146774 0.00924593 0.0224685 -0.0227185 0.0127486 0.000122125 -0.00688856 0.0256982 -0.00564996 -0.013578 -0.0114063 0.00180949 -0.00285706 -0.00563196 -0.0252517 -0.0256147 -0.0259243 0 -0.00100486 -0.0144863 0.00605188 0 0.0124488 0.00726418 0.002965 -0.0193617 -0.0094274 0.0131328 0
internal_weight=3053.53 2014.94 1675.44 1023.58 651.856 1038.59 836.926 89.3988 339.496 562.458 148.858 70.4541 259.739 78.4039 58.5975 186.658 889.731 873.525 860.762 16.2055 73.9678 185.771 79.7576 59.3184 19.8064 6.9483 16.1908 54.2632 9.25725 20.4393 12.7634
internal_count=753542 221964 89207 67056 22151 531578 27673 4211 132757 17940 29309 23181 109759 6128 4942 39383 502269 493696 488635 8573 26078 83681 22998 17260 1186 3892 3005 20176 4681 5738 5061
is_linear=0
shrinkage=0.0873782


Tree=4
num_leaves=32
num_cat=0
split_feature=44 19 44 44 6 43 43 13 34 5 13 13 32 31 6 12 37 32 24 11 17 43 23 15 13 13 15 32 23 12 30
split_gain=93.396 22.5736 19.8515 10.6898 7.04958 6.09213 5.06549 4.32006 3.91231 3.76224 3.14398 3.01106 2.62917 2.58091 2.47549 2.10835 2.0621 1.82424 1.41436 0.981451 0.890181 0.450838 0.404365 0.321845 0.297269 0.784873 0.768315 0.224213 0.139073 0.0938073 4.32572e-05
threshold=0.82068234682083141 0.7737688720226289 0.66507014632225048 0.90690097212791454 1.3719012737274172 0.79013216495513927 0.77827343344688427 -0.010066883638501166 0.33333341777324682 0.0053010981064289817 0.031574646010994918 0.032638816162943847 1.8767973184585574 -0.0012121128384023903 1.2689612507820132 24.645000457763675 1.6538591980934145 -0.028495795093476769 -0.011875649448484181 -2.4449944496154781 35.687374114990241 0.99254739284515392 0.0013644128339365127 0.030855093151330951 0.041554901748895652 0.055548202246427543 -0.024852626956999298 -6.9022548198699942 0.002749210456386209 23.900000572204593 2082.315551757813
decision_type=2 2 2 2 2 2 2 2 2 2 2 2 2 2 2 2 2 2 2 2 2 2 2 2 2 2 2 2 2 2 2
left_child=2 5 11 7 14 18 22 17 16 -9 15 19 -6 -10 -5 -7 -8 -3 23 29 -12 -21 30 -2 26 -26 -13 -24 -20 -1 -4
right_child=1 3 6 4 12 10 8 9 13 -11 20 24 -14 -15 -16 -17 -18 -19 28 21 -22 -23 27 -25 25 -27 -28 -29 -30 -31 -32
leaf_value=-0.0039967222245875346 -0.0021182476658062402 -0.017291460530248066 0.00011503244047835215 0.018265007525785502 0.040695590446739066 0.013244008920639185 0.013406063617244585 0.021401344817202662 -0.013850446950563406 -0.0020910220015073638 0.0027751569476201997 -0.0073209650735123113 0 0.001979491760497519 -0.0040076304539464437 -0.0032946118497040131 -0.0044500236655258315 0.0046216300372503684 0 -0.026555961889716477 -0.017323977441000022 0 0 0.007143467218077364 -0.014577300683651958 0.0033687761520387834 0.011397719243093905 -0.016112978264487602 -0.011175687683949467 0.0027492446902903913 0
leaf_weight=10.276155549043322 17.562843950843671 32.914016935508698 3.0569005033466956 89.193274737539468 337.61906480952166 382.62409230545745 166.49927300581476 181.93151910032611 133.00760693525081 54.307431351946434 5.9940127430018064 3.0024748894502435 10.921268132631665 129.7639682648587 37.303692386602052 48.293187893432332 44.023504779615905 35.258911533339415 3.0319640066009006 768.75137153241667 23.273736613569781 4.106953492970205 0.97758892824640398 34.90066157100955 12.31640058726771 11.943987981416283 17.656947938259691 195.01028595128446 186.51550346222939 4.8510239423776502 3.194223190221237
leaf_count=5023 4998 1214 641 7148 4154 17164 7388 4756 5937 3457 133 1631 349 11114 621 2634 2249 1864 1060 466528 1361 1654 293 8945 7145 6880 10075 88273 75687 2663 1182
internal_value=-0.00063759 0.014797 -0.0158632 0.0248457 0.0329836 0.00307977 -0.0043174 0.0104548 0.000563977 0.0158643 0.00894724 -0.0247509 0.0394096 -0.00610391 0.0113488 0.0110829 0.00914113 -0.00639409 -0.00748569 -0.0259802 -0.0116765 -0.0264054 -0.0151606 0.00288369 -0.000127357 -0.00600202 0.00377883 -0.0158306 -0.0108666 0 0
internal_weight=2990.08 1481.65 1508.44 779.449 475.037 702.196 675.533 304.412 473.294 236.239 460.185 832.905 348.54 262.772 126.497 430.917 210.523 68.1729 242.011 787.986 29.2677 772.858 202.239 52.4635 44.9198 24.2604 20.6594 195.988 189.547 15.1272 6.25112
internal_count=754221 135545 618676 23563 12272 111982 117077 11291 26688 8213 21292 501599 4503 17051 7769 19798 9637 3078 90690 475868 1494 468182 90389 13943 25731 14025 11706 88566 76747 7686 1823
is_linear=0
shrinkage=0.0873782


Tree=5
num_leaves=32
num_cat=0
split_feature=43 8 22 24 8 8 22 10 17 14 43 32 12 8 14 22 16 28 12 26 29 25 31 7 8 38 30 8 12 26 26
split_gain=76.4585 25.4941 11.3768 7.8372 4.18217 3.65906 6.2926 5.51008 2.39435 2.82604 1.70426 1.49437 1.45615 1.66063 1.41514 1.36747 1.08676 0.819148 0.830227 0.555654 0.588365 0.37267 0.325254 0.238638 0.199582 0.181289 0.140016 0.0572657 0.0350287 0.0238297 0.00124777
threshold=0.76640340685844432 0.41836288571357733 9.5159211158752459 -0.02463077753782272 0.31476822495460516 0.69483411312103283 2.8600147962570195 0.82023262977600109 51.259454727172859 0.27064733207225805 0.96515566110610973 -0.38679237663745875 20.675000190734867 0.46748483180999761 0.55496650934219371 1.0000000180025095e-35 -0.11719847097992896 -3.5630990266799922 13.625000000000002 -0.027025355957448479 -1.9987790584564207 0.0012765245046466591 -0.0078823347575962526 0.25866855680942541 1.5716106295585635 0.0095719401724636572 2059.0214843750005 0.34959147870540624 31.300000190734867 -0.036370649933814996 -0.02825770620256662
decision_type=2 2 2 2 2 2 2 2 2 2 2 2 2 2 2 2 2 2 2 2 2 2 2 2 2 2 2 2 2 2 2
left_child=3 4 5 12 17 7 -7 -3 9 -4 14 -10 13 25 -6 27 -12 18 -2 26 -21 28 -19 -15 -23 -1 -17 30 -14 -29 -5
right_child=1 2 8 15 10 6 -8 -9 11 -11 16 -13 21 23 -16 19 -18 22 -20 20 -22 24 -24 -25 -26 -27 -28 29 -30 -31 -32
leaf_value=-0.0068994614061284971 0.006404360034105828 0.019662670407386257 -0.0061221569141623614 0 0.0024590834880760556 0.040520530411668289 0.014535108989307119 -0.0018881523818987699 0.0053122039095915737 0.015013821990386162 -0.0040950605553559975 -0.012125591001300132 0.0024135683722228901 0 -0.010936090214445533 -0.006700499240438999 0.01645001688119023 0 -0.009258814411269304 0 -0.0220118324502683 -0.012144930477237859 -0.016207817539146314 0.019245608120199993 0 0.00028951565218537641 0 0 -0.0011199398878534072 0.0043063475325294896 -0.0016380584983870768
leaf_weight=18.426413162582325 25.511968753999099 516.28873542833026 49.840206078777555 0.19967117230407794 162.63488255237462 193.31469418885536 189.41643939417554 93.857452863478102 31.64540072188538 119.54074153059628 6.3994471031473941 87.59703612413432 16.983678937162043 1.5997704360634077 63.882390122205834 42.432567821146222 57.135782299243147 4.9326313688070504 30.092884198820684 11.069312479085054 885.71171685078298 30.440255099674687 178.04405835733633 37.537810401117895 2.6574787970748721 8.3046092572330945 6.2853446837107176 1.7252086050575597 10.723809187678851 7.5781990836258029 8.6536935841431859
leaf_count=6530 2014 12350 3703 93 15726 2053 3984 3035 3125 6047 230 9470 6291 421 8225 18514 4454 1530 11109 6186 506059 10747 89237 4622 359 2667 2520 377 4381 2268 5064
internal_value=0 0.0109808 0.017573 -0.0180621 -0.00486756 0.0219394 0.0294092 0.0162266 0.00171763 0.00824253 0.00189835 -0.0066284 0.00139014 0.00957888 -0.0015161 -0.0207025 0.0126005 -0.0129747 -0.000903535 -0.0211525 -0.0217668 -0.00636557 -0.0156284 0.0181889 -0.0106145 -0.00332643 -0.00507575 0 0 0.00341892 -0.00153495
internal_weight=2900.46 1810.13 1281.5 1090.33 528.634 992.877 382.731 610.146 288.623 169.381 290.053 119.242 126.674 65.8686 226.517 963.656 63.5352 238.582 55.6049 945.499 896.781 60.8052 182.977 39.1376 33.0977 26.731 48.7179 18.1568 27.7075 9.30341 8.85336
internal_count=753391 176292 43767 577099 132525 21422 6037 15385 22345 9750 28635 12595 36018 14240 23951 541081 4684 103890 13123 533279 512245 21778 90767 5043 11106 9197 21034 7802 10672 2645 5157
is_linear=0
shrinkage=0.0873782


Tree=6
num_leaves=31
num_cat=0
split_feature=18 6 24 23 24 21 3 12 35 41 18 12 27 14 12 21 24 40 17 18 24 41 23 21 13 36 21 33 36 23
split_gain=59.4876 18.4011 12.6164 7.61249 5.27276 4.68965 4.14658 3.78355 2.13808 2.0952 1.67933 2.52522 1.3192 1.25681 1.06571 0.974197 0.860095 0.7284 0.700245 0.894138 0.629478 0.71856 0.61516 0.588827 1.44708 0.490023 0.275647 0.0583202 0.0356154 0.0115429
threshold=-0.22364541888236997 1.244258761405945 -0.032594734802842133 0.0013644128339365127 -0.059232983738183968 59.553558349609382 0.04609839245676995 25.635000228881839 -0.036548089236021035 -0.97868195176124562 -0.61130663752555836 16.855000495910648 0.048511778935790069 0.73046875000000011 13.22499990463257 67.771064758300795 0.075455483049154295 0.29391969740390783 46.790121078491218 -0.16917035728693006 -0.047435000538825982 0.75409078598022472 0.011219328269362451 42.996105194091804 -0.020049786195158955 -0.056046444922685616 40.351678848266609 -0.069197032600641237 0.033613104373216636 0.025712301023304466
decision_type=2 2 2 2 2 2 2 2 2 2 2 2 2 2 2 2 2 2 2 2 2 2 2 2 2 2 2 2 2 2
left_child=1 4 18 12 13 6 -5 8 27 -7 14 -12 17 15 -6 -1 -10 -3 19 22 21 -20 -2 26 -25 -21 -9 -4 -15 -22
right_child=2 3 7 5 10 9 -8 23 16 -11 11 -13 -14 28 -16 -17 -18 -19 20 25 29 -23 -24 24 -26 -27 -28 -29 -30 -31
leaf_value=0.024310905969698447 -0.0019728612330611166 0.043574119577229412 0.0035645840231690955 0.01794757828006233 -0.006188663736415567 -0.013062450188480228 0.0019702083490407089 0 -0.022246991189853273 0.0068607854555731065 -0.00098552257834640567 -0.014427296027211699 0 0 0.01083796715614195 -0.00091679185541989358 0 0 0.020349387526289953 0.0025959151576094852 0.00037806207252231815 -0.00045686016132730732 0.012807568221921025 -0.008060042471928262 0.012036998993945485 -0.010660099354460481 -0.013688489197979643 0 -0.0047519697017318757 -0.0016172305847763321
leaf_weight=51.32790973529336 9.5124901454255433 76.252575358608738 14.493019111047035 820.69609718545689 18.569477122160606 52.383913476165617 170.50584478236851 0.75569394591729899 810.88837187012541 61.709468424611259 243.5795665269834 205.01105569612992 5.7770262247649944 2.3393231698428272 52.71357770828763 2.6855964705464421 21.921134272357449 6.2606815410545087 37.570174930238863 6.4197037739504585 4.1558528802124775 2.7238245251355684 32.352726062381407 22.430693073256407 41.739671511299093 31.4334804872924 7.7047885463689454 8.3989047972136159 1.9431011608685365 10.36989356408594
leaf_count=2703 1365 1588 3838 27955 2466 2948 7550 443 459016 6144 70379 81000 61 79 10163 1007 6420 108 4389 750 1116 135 3247 12761 24825 9394 4077 3826 199 3506
internal_value=0.000249398 0.010053 -0.0158665 0.0161728 -0.00253038 0.013496 0.0154075 -0.0194753 -0.0210616 -0.002125 -0.00569403 -0.00774317 0.0393626 0.0181894 0.00483438 0.0217349 -0.0217842 0.0416125 0.00758603 0.000296487 0.0136716 0.0175453 0.00823574 0 0.00349714 -0.00648172 -0.0106488 0.000619166 -0.00319044 0
internal_weight=2834.63 1771.76 1062.87 1193.59 578.17 1105.3 991.202 928.332 855.701 114.093 519.874 448.591 88.2903 58.2959 71.2831 54.0135 832.81 82.5133 134.538 79.7184 54.8197 40.294 41.8652 72.6308 64.1704 37.8532 8.46048 22.8919 4.28242 14.5257
internal_count=753458 214350 539108 46354 167996 44597 35505 515206 473100 9092 164008 151379 1757 3988 12629 3710 465436 1696 23902 14756 9146 4524 4612 42106 37586 10144 4520 7664 278 4622
is_linear=0
shrinkage=0.0873782


Tree=7
num_leaves=30
num_cat=0
split_feature=24 6 27 42 28 39 28 12 23 37 12 30 41 2 42 12 37 42 26 27 41 15 7 37 24 15 1 15 38
split_gain=47.8539 16.0657 7.22639 3.96321 3.75698 3.4685 2.98364 2.91281 2.69933 2.67199 2.50631 2.35276 2.04628 1.92702 1.89221 1.76221 1.47117 1.21397 1.05966 0.789531 0.752817 0.742824 0.715929 0.685013 0.679365 0.281004 0.268726 0.11932 0.0126923
threshold=-0.027535647153854367 1.3121913671493532 -0.090926811099052415 0.043830262497067458 -2.188979864120483 -0.74472823739051808 -2.8305258750915523 31.300000190734867 1.0000000180025095e-35 0.30266556143760687 15.789999961853029 2743.1203613281255 -1.4833782315254209 -0.052083713933825486 0.023729760199785236 25.635000228881839 0.72172990441322338 0.09519821405410768 0.0080022611655294913 0.011935598216950895 -1.7107619047164915 0.11404873058199884 0.82861033082008373 0.83745184540748607 0.08594680950045587 0.11404873058199884 -0.06331953406333922 0.064570907503366484 0.0021716894116252665
decision_type=2 2 2 2 2 2 2 2 2 2 2 2 2 2 2 2 2 2 2 2 2 2 2 2 2 2 2 2 2
left_child=2 6 3 20 11 17 10 8 9 -4 19 16 -10 -7 -12 21 -3 -5 22 -2 -1 -8 -9 -13 25 -6 -20 -17 -26
right_child=1 4 7 5 24 13 15 18 12 -11 14 23 -14 -15 -16 27 -18 -19 26 -21 -22 -23 -24 -25 28 -27 -28 -29 -30
leaf_value=0.0034982910445847193 -0.0045613693256117607 -0.0021074748853491285 -0.0051434245443912046 0.0077603803453145902 -0.013792156223525353 0.025270400604286928 -0.021265258863178826 -0.017527195390086125 0 0.029206867338231954 0.00683520135431946 0.0034396199500475429 0.010821459755463319 -0.004359104073866484 -0.01598350187810961 -0.0019204741496017168 0.010909025985227775 -0.010758821209089511 0.010317717397036611 0.0060239163932781035 0.043100058696688537 -0.0010895155632729444 0.00040763911584296603 -0.0086799179099851746 0.0019578797713172666 0 -0.00027820792696581659 0.0048213691437466073 0
leaf_weight=14.42078972555464 160.26770340782241 58.021391078422312 7.8226632834412149 27.868544475233648 99.226593209401472 97.581453266204335 586.0034634397598 33.022188199916855 183.12712541525252 75.090287202503532 11.634270534879759 24.923583536874503 468.8336621602939 5.881261925736907 283.14874576145667 11.24479689076543 322.67594982590526 33.318947082443628 6.3668241240666248 49.831788433511974 83.719801821629517 28.367228568240535 7.3524238532409063 79.173420820094179 7.6248468651610875 6.1104432719293973 4.2541420370107499 12.029284542368258 7.8699355232238304
leaf_count=88 53404 3119 124 470 51725 2310 351520 8001 14015 1970 3375 2359 32572 278 137218 6590 24779 974 418 12321 947 17768 1914 9385 2286 3210 1234 7448 2629
internal_value=-0.000620904 -0.00947247 0.0139263 0.0262652 0.0018496 0.0138443 -0.0154884 0.00906654 0.010558 0.0245407 -0.00937319 0.00546004 0.00788007 0.0222595 -0.0143323 -0.0196951 0.00865091 -0.00120532 -0.00766314 -0.00125474 0.0398783 -0.0205726 -0.0135367 -0.00482972 -0.0104963 -0.0128151 0.0054321 0 0.000659791
internal_weight=2796.81 1748.15 1048.66 262.791 605.626 164.65 1142.53 785.869 734.874 82.913 504.883 484.794 651.961 103.463 294.783 637.645 380.697 61.1875 50.9956 210.099 98.1406 614.371 40.3746 104.097 120.832 105.337 10.621 23.2741 15.4948
internal_count=754451 689136 65315 5067 99492 4032 589644 60248 48681 2094 206318 39642 46587 2588 140593 383326 27898 1444 11567 65725 1035 369288 9915 11744 59850 54935 1652 14038 4915
is_linear=0
shrinkage=0.0873782


Tree=8
num_leaves=30
num_cat=0
split_feature=44 24 22 8 22 18 37 8 34 13 21 21 44 44 29 15 44 18 5 24 8 25 29 12 18 12 25 13 12
split_gain=64.9359 17.8903 9.67462 3.60264 3.52616 3.21064 3.16505 2.74094 2.28731 1.70101 1.54069 1.30414 1.27138 0.990967 0.999677 0.772646 0.536051 0.431981 0.360558 0.277872 0.214329 0.15505 0.104192 0.0860832 0.0800153 0.0769436 0.0283903 0.00448177 0.00203791
threshold=0.70049861073493969 -0.023758354596793648 1.0000000180025095e-35 0.84353932738304149 5.9534184932708749 -0.25565730035305018 0.95417827367782604 0.46748483180999761 0.44444331526756292 0.055548202246427543 43.88379096984864 42.207086563110359 0.98858535289764415 0.57045826315879833 -2.8393055200576778 0.11404873058199884 0.96584877371788036 -0.515041023492813 -0.10361443087458609 -0.019440313801169392 0.23629346489906314 0.0077697876840829858 0.24792866408824923 25.635000228881839 -0.44010613858699793 24.130000114440922 0.00079949118662625562 0.098562590777874007 62.80999946594239
decision_type=2 2 2 2 2 2 2 2 2 2 2 2 2 2 2 2 2 2 2 2 2 2 2 2 2 2 2 2 2
left_child=9 2 7 6 -5 8 -4 18 10 13 -3 -10 -9 14 25 -16 19 26 -2 -7 -19 23 -18 -11 -25 -1 -15 -23 -29
right_child=1 5 3 4 -6 16 -8 12 11 21 -12 -13 -14 17 15 -17 22 20 -20 -21 -22 27 -24 24 -26 -27 -28 28 -30
leaf_value=-0.0032373082740464096 -0.0023559602192103849 -0.0011689679445680209 0.016777825721058591 0.028271089259503879 0.000205208462251083 0 0.0039773791977413611 0.04765453268078073 0.0095326891120351195 0 0.011436878349218676 -0.004587838835108971 0.00428665456105079 0 -0.022549271180377688 -0.0026451156528064772 -6.5174503252952694e-05 0 0.0090550078392154492 -0.0098296930659573199 -0.012118551908156942 0 0.0054087883286807418 0 0.009701397825512912 0.0028258257673350168 0.0029094555933340035 -0.0015834971252778191 0
leaf_weight=12.100800942425851 5.6333841603482169 75.778265428903978 250.81498337694211 172.8320902728592 51.340590799663914 7.2574996835028278 430.54229261499131 92.053498224995565 36.961447366455104 3.4389826568658446 255.18196679171524 245.82723670697305 16.186753401416354 4.360847891395677 620.31773020300898 34.363190560456133 11.670331646455454 16.909227378404466 23.091570292541292 211.0658504482999 168.90576049254742 0.81393459835089665 7.1614624531939617 1.2010228966246348 6.7228951859287926 7.0395304078701875 3.7116398638172541 1.6233423702069556 0.22401574067771446
leaf_count=6094 87 8616 11840 3459 3299 2698 15619 1015 5852 1798 31566 39447 168 1364 392837 22300 5186 9486 498 94516 84626 478 1696 400 3406 3729 698 921 140
internal_value=0.000565266 0.00970722 0.017259 0.0131748 0.0228715 0.000130699 0.00921831 0.0380446 0.00358671 -0.0187061 0.00835189 -0.00183612 0.0438097 -0.0192289 -0.0212246 -0.0217832 -0.00794456 -0.0103436 0.00463824 -0.00921262 -0.0112706 0.00264503 0.00116083 0.00654722 0.00835731 0 4.41947e-05 -0.000612376 -0.00135228
internal_weight=2775.13 1893.4 1042.5 905.53 224.173 850.904 681.357 136.965 613.749 881.733 330.96 282.789 108.24 867.709 673.821 654.681 237.155 193.887 28.725 218.323 185.815 14.0242 18.8318 11.3629 7.92392 19.1403 8.07249 2.66129 1.84736
internal_count=753839 225562 35985 34217 6758 189577 27459 1768 85481 528277 40182 45299 1183 521134 424960 415137 104096 96174 585 97214 94112 7143 6882 5604 3806 9823 2062 1539 1061
is_linear=0
shrinkage=0.0873782


Tree=9
num_leaves=30
num_cat=0
split_feature=44 19 10 7 2 8 11 42 32 43 11 40 39 43 13 33 29 29 20 12 13 13 13 12 22 23 19 44 42
split_gain=48.0688 10.2051 7.67963 5.94114 3.96429 3.34575 2.63723 2.43076 2.16628 1.90749 1.5988 1.33975 1.28422 1.28078 0.903484 0.685541 0.69096 0.568035 0.540202 0.287254 0.231669 0.0680827 0.0580481 0.0456782 0.0439233 0.0435467 0.0472539 0.0249737 0.00240776
threshold=0.68873479962348949 0.7980487346649171 0.26029838621616369 0.86814719438552868 -0.034856986254453652 0.37216782569885259 -2.4449944496154781 0.78810721635818493 -2.2524927854537959 0.86588412523269664 1.7603821754455569 -0.52523350715637196 0.19386222958564761 0.93319037556648265 0.055548202246427543 -0.39762692153453821 -3.1262040138244624 -0.53803595900535572 0.034482823684811599 26.770000457763675 0.0054774633608758458 0.071902878582477583 -0.031663449481129639 59.415000915527351 25.71179294586182 0.53281936049461376 1.7217002511024477 0.55872011184692394 0.43188162147998815
decision_type=2 2 2 2 2 2 2 2 2 2 2 2 2 2 2 2 2 2 2 2 2 2 2 2 2 2 2 2 2
left_child=13 4 5 8 7 20 -7 12 -4 17 -5 -11 -2 14 15 28 -17 -6 -9 25 -3 27 -21 -23 -24 26 -15 -16 -1
right_child=1 2 3 10 9 6 -8 18 -10 11 -12 -13 -14 19 21 16 -18 -19 -20 22 -22 23 24 -25 -26 -27 -28 -29 -30
leaf_value=0.00085433536954480959 0.0051392942276345978 -0.0076802574040936433 -0.0062327943858317423 0.025758432731928092 0 -0.0011597967013027039 0.02759755406293259 -0.012192437418237638 0.0058653535556151427 -0.007635558208615164 -0.0021129412654433887 0.0059773153061372254 0.018628645564568901 -0.0066125120057812011 0.0049520093810712937 0 -0.019355401899874114 -0.0085294141185554614 0.0012362049996417789 0 0.0012293146922665516 -0.0039078753139623664 0.0064440749541324963 0 0 0 0 0 0
leaf_weight=3.2842459079110986 196.67439971168642 13.519279484637083 134.97266605790355 107.44780467514647 63.703048524039332 16.707591031125048 316.85075656784466 29.283900609123521 351.46773504104931 48.571999845531536 6.4270256059244266 192.23972005446558 103.87436384608736 44.248215868836269 4.8129803705378418 10.815864907839567 741.74344203081273 305.43457312125247 12.342292541492496 2.191920621029567 8.5225330520770495 4.5602633567759767 6.3091742581163981 1.4109327278565613 1.4511674162349661 3.8415996779513071 3.524340026167919 1.1207947204238733 1.286581773572834
leaf_count=1242 17581 1384 4555 2604 20539 263 7802 4442 20852 3088 111 16264 9576 22254 2700 5633 475712 123505 1222 1021 826 2585 1976 801 643 1873 1512 601 746
internal_value=-0.000123125 0.00747185 0.0137508 0.00703363 0.000889852 0.0237392 0.0258714 0.008219 0.00217266 -0.00319361 0.0233049 0.00241388 0.0110842 -0.0174402 -0.0184308 -0.018808 -0.0190417 -0.00705752 -0.00746162 -0.00218626 -0.0028882 0 0.00351225 -0.00140939 0.00530932 -0.00546939 -0.00602789 0.00408474 0
internal_weight=2738.64 1908.04 955.915 600.315 952.124 355.6 333.558 342.175 486.44 609.949 113.875 240.812 300.549 830.602 769.035 757.13 752.559 369.138 41.6262 61.5664 22.0418 11.905 9.95226 5.9712 7.76034 51.6142 47.7726 5.93378 4.57083
internal_count=753913 234614 38397 28122 196217 10275 8065 32821 25407 163396 2715 19352 27157 519299 490020 483333 481345 144044 5664 29279 2210 6687 3640 3386 2619 25639 23766 3301 1988
is_linear=0
shrinkage=0.0873782


Tree=10
num_leaves=32
num_cat=0
split_feature=24 18 8 15 21 43 15 8 21 13 24 8 12 15 43 21 5 21 8 15 27 18 30 37 30 21 37 30 13 21 30
split_gain=49.4147 10.7622 7.76983 2.83272 2.56809 2.29818 1.86569 1.73886 3.14277 1.94453 1.48978 1.31904 1.21681 2.61475 1.19636 0.88633 0.931938 0.862928 0.812929 0.680555 0.662974 0.409218 0.26621 0.237023 0.230336 0.258826 0.062974 0.00853561 0.0274183 0.00772342 0.00152411
threshold=-0.027535647153854367 -0.30938310921192164 0.33622446656227117 0.097044132649898543 56.637886047363288 0.80168074369430553 0.045191364362835891 0.46277581155300146 46.58185005187989 0.038330165669322021 -0.080815002322196947 0.84353932738304149 25.635000228881839 0.064570907503366484 0.94561234116554271 64.810020446777358 -0.28502584993839258 61.603769302368171 0.49788035452365881 0.08603293821215631 0.087360285222530379 -0.46424591541290278 2449.7189941406255 0.69279551506042492 1397.4739379882815 42.945243835449226 1.8312200307846072 1815.8757324218752 0.0090221147984266298 47.813688278198249 2768.239379882813
decision_type=2 2 2 2 2 2 2 2 2 2 2 2 2 2 2 2 2 2 2 2 2 2 2 2 2 2 2 2 2 2 2
left_child=2 4 23 7 5 21 -7 8 -4 -9 11 -5 14 17 20 16 -6 -14 -12 -15 -3 -2 -16 27 29 -26 -17 28 -1 -25 -29
right_child=1 12 3 10 15 6 -8 9 -10 -11 18 -13 13 19 22 26 -18 -19 -20 -21 -22 -23 -24 24 25 -27 -28 30 -30 -31 -32
leaf_value=0.0033049611592242639 0 -0.016191436508509675 0.020261950133931273 -0.016356468786387888 0.0017250365545527166 0.015377421439300591 0.0016402436099518262 0.021173726225656494 -0.00070230797033842853 0 -0.001458899795043595 0.0044567759570548655 -0.017289187518250471 0.019310650934661756 0.0023604679859914523 0.003142421636552858 -0.02163730634292187 0.00016567954786985873 0.015403482872697417 0 0 -0.0076970268758593113 -0.0055515832336354475 -0.0005099767166332164 0 -0.014367333536109399 -0.0020966700009494698 -0.00068843578279442839 0 0.0014201087944896765 0
leaf_weight=3.149719636479857 71.143636368069565 844.28239359680447 68.259717114589876 26.93506396873272 2.5887347629177375 112.35170347348321 235.82577490652329 747.50931781617692 111.69457069315831 27.448615218338091 12.768480517057467 19.061288025463 44.140470022539375 12.013519691914551 26.555893772572745 14.95099805245991 39.842917372909142 14.313515095564069 36.380468397808727 22.585957327741198 6.9570176409906699 99.754906978734653 41.260317718290025 3.9671504382276899 4.1782473446219219 48.511675636371365 4.6874568959465241 4.4924614798801485 0.79073083883849893 4.0016488790279254 0.78944099077489216
leaf_count=485 26876 501951 2939 619 419 6920 8494 22811 9691 1894 1226 193 26254 6960 5821 3957 10402 8284 1338 13935 2729 49438 14782 607 1358 18873 631 1733 168 954 390
internal_value=0.00109469 -0.00870793 0.0150341 0.016962 0.00060736 0.00295752 0.00701183 0.0183778 0.00805177 0.0203532 0.00105265 -0.00748933 -0.0140605 -0.00236202 -0.0150479 -0.0134088 -0.0184355 -0.0127943 0.0104073 0.0114837 -0.0159461 -0.00460195 -0.00143274 -0.00989712 -0.0114374 -0.0129756 0 0 0.00157734 0 -0.000179203
internal_weight=2713.19 1593.26 1119.94 1050.06 581.146 519.076 348.177 954.912 179.954 774.958 95.1453 45.9964 1012.11 93.0535 919.056 62.0701 42.4317 58.454 49.1489 34.5995 851.239 170.899 67.8162 69.8811 60.6587 52.6899 19.6385 9.22235 3.94045 7.9688 5.2819
internal_count=753132 687853 65279 40711 107137 91728 15414 37335 12630 24705 3376 812 580716 55433 525283 15409 10821 34538 2564 20895 504680 76314 20603 24568 21792 20231 4588 2776 653 1561 2123
is_linear=0
shrinkage=0.0873782


Tree=11
num_leaves=31
num_cat=0
split_feature=24 0 33 21 33 15 38 21 34 28 28 24 15 24 9 26 26 38 0 17 15 34 32 24 17 28 15 32 15 17
split_gain=32.3367 10.0556 7.1185 5.15306 4.3579 3.73201 3.44478 2.54771 3.35172 2.513 2.50218 2.26225 2.22811 1.83397 1.68451 1.37501 1.26844 1.60903 1.22991 0.797517 0.623152 0.597307 0.536627 0.475281 0.232855 0.197503 0.333056 0.192984 0.137574 0.0473948
threshold=-0.022150568664073941 1.0000000180025095e-35 -0.13949863612651822 43.375724792480476 -0.44507406651973719 0.085021439939737334 -0.029126207344233986 50.125511169433601 0.10000270232558252 -1.8610475063323972 -11.219888210296629 -0.047435000538825982 0.05538443289697171 0.0089498152956366556 9.7038240432739276 -0.082950025796890245 -0.014338003937155007 0.01959901582449675 0.83167967200279247 52.032258987426765 0.11404873058199884 0.03747007995843888 -2.393671870231628 0.024455977603793148 33.24273872375489 -4.0342500209808341 0.035472048446536071 0.14119149744510653 0.059683816507458694 46.073760986328132
decision_type=2 2 2 2 2 2 2 2 2 2 2 2 2 2 2 2 2 2 2 2 2 2 2 2 2 2 2 2 2 2
left_child=1 4 6 5 12 14 13 8 -5 10 -6 -9 24 22 -3 -7 25 20 -15 21 -18 -8 -2 -21 -1 26 -4 -19 -11 -27
right_child=2 3 16 7 9 15 19 11 -10 28 -12 -13 -14 18 -16 -17 17 27 -20 23 -22 -23 -24 -25 -26 29 -28 -29 -30 -31
leaf_value=0 -0.009225025703925617 0.031124555365233248 -0.001965538994418333 -0.015775315100087794 0 0.012055508426275703 0.0033507532761843646 0.012615785135936784 0.0030092283191360506 0.00073786062819664446 0.043645687353324171 -0.00070326703686950087 -0.013658565724427208 0.022865847153034722 0.0017541516745471527 -0.011784679115283156 -0.015139265125689768 -0.0050054329898948299 0 -0.0016678491778593101 -0.00093574331908522033 -0.0076714596676289741 0.003941466981213765 0.0086804611667038074 0.018094528548999372 -0.0042384065500366708 0.0091683907659190211 0.00021356088245482976 -0.0066365405968007119 0
leaf_weight=12.482215342228303 14.98099409608403 103.52885481936391 8.0176742746843974 66.643863120727474 14.622028175566809 6.359296172275207 16.465395638166228 308.68805472305394 373.05806333727378 2.3967606251826501 104.7187676110043 113.91395140794339 14.889297963585703 61.911517856584396 29.161004291527206 25.85557881067507 753.1563918798347 59.562502241475158 21.876424928952474 49.121870104921982 44.246368250096566 244.58460045709217 39.786496291839285 30.447133378329454 15.033324970863758 47.473843877349282 14.39125219278503 58.580401449027704 2.9199780910857953 4.6149042629403985
leaf_count=118 1847 3770 2577 3115 376 74 3868 18826 23558 305 1998 25449 138 5116 2484 2017 443546 26689 3534 17992 25888 73293 7744 4410 127 25009 3351 23862 336 2158
internal_value=0.000508819 0.0111162 -0.00807794 0.00738339 0.0299822 0.0207657 0.000460408 0.00425139 -0.00021791 0.0372143 0.0396545 0.00892548 0.00161303 0.0112835 0.0265297 -0.00211356 -0.0122374 -0.0131143 0.0180493 -0.00406073 -0.0145287 -0.00638998 0 0.00224924 0.0144477 0 0.00375117 -0.00201973 -0.0014357 -0.00345732
internal_weight=2663.49 1194.27 1469.22 1027.21 167.062 164.905 479.174 862.304 439.702 124.658 119.341 422.602 42.4048 138.555 132.69 32.2149 990.043 915.546 83.7879 340.619 797.403 261.05 54.7675 79.569 27.5155 74.4977 22.4089 118.143 5.31674 52.0887
internal_count=753575 82691 670884 79293 3398 8345 117804 70948 26673 3015 2374 44275 383 18241 6254 2091 553080 519985 8650 99563 469434 77161 9591 22402 245 33095 5928 50551 641 27167
is_linear=0
shrinkage=0.0873782


Tree=12
num_leaves=31
num_cat=0
split_feature=44 22 34 36 44 10 20 12 19 42 42 8 12 32 42 30 13 14 11 41 12 11 8 32 19 28 12 13 12 20
split_gain=30.1 9.2322 6.5164 5.739 4.69453 4.00587 2.51346 2.25905 2.20694 2.18859 1.81603 1.49603 1.37404 1.37391 1.27733 1.15036 0.849258 0.757671 0.718674 0.668009 0.655972 0.560205 0.4955 0.448558 0.338207 0.330284 0.152898 0.0929431 0.0567738 0.0114132
threshold=0.82068234682083141 1.0000000180025095e-35 0.14705920219421389 -0.060540545731782906 0.55872011184692394 0.32784022390842443 -0.01512739062309265 25.635000228881839 0.86133956909179699 0.76577329635620128 0.01702959276735783 0.4295829981565476 32.989999771118171 0.22226350009441379 0.0069793411530554303 2401.0595703125005 0.055548202246427543 0.76255580782890331 -1.0460377931594846 -1.2759724259376524 40.534999847412116 -1.9643663763999937 0.56121292710304271 3.604643821716309 1.1194888353347781 -5.2791407108306876 24.130000114440922 0.071902878582477583 59.415000915527351 -0.039004202932119363
decision_type=2 2 2 2 2 2 2 2 2 2 2 2 2 2 2 2 2 2 2 2 2 2 2 2 2 2 2 2 2 2
left_child=4 2 14 9 16 6 -4 8 -5 11 17 -3 19 -9 24 -7 21 18 -6 -12 -14 26 -16 -23 -2 -11 -1 29 -29 -18
right_child=1 3 5 7 10 15 -8 13 -10 25 12 -13 20 -15 22 -17 27 -19 -20 -21 -22 23 -24 -25 -26 -27 -28 28 -30 -31
leaf_value=-0.0045725075483308338 0.010178109871830618 -0.0021058629624799681 0.041321688181256866 -0.0016533703339374883 -0.0011564536107389087 0.010369207645206045 0 -0.015608927322473973 0.006907017586040301 -0.0083062714311799082 0 0.017503141678107372 0.013165452985535691 0.0018762148859896768 0 -0.011159535627684266 0 -0.0044324985115813467 0.017790307937898608 -0.0087720418091566336 -0.001694929608825977 -0.017017622380261384 -0.022066957786070759 0 -0.0011947912738774792 0.0020481071911824219 0.0035137336564034769 -0.004176118155056344 0 0.005428936830702339
leaf_weight=16.419344059395375 13.248906114778949 17.269350773247425 111.75459798477823 416.49219844059553 4.246612946066306 24.80252262490103 8.4383815190521982 69.818154962908011 436.89816213714948 21.301621860940941 74.515513425190875 306.84611369596678 20.136436086060712 32.282769732177258 7.1878933751140703 8.5020981418783759 0.22130734188249324 1.5818672942987166 30.778055230213795 383.26297432660795 17.817770885943901 600.16342701284157 6.3465568639803678 2.5324746766418675 7.0356050808913997 11.886574282369109 7.7549141384952227 3.6024810007656924 1.3128617583424782 4.9196034061023948
leaf_count=9439 361 1207 1351 86863 463 469 464 8976 12666 3001 22018 12474 5798 4812 154 302 68 102 3519 159541 5266 401278 140 1427 65 1976 4483 2156 719 2825
internal_value=-0.000408831 0.00769507 0.0249304 0.00478639 -0.0108465 0.0318981 0.038354 0.00102968 0.00266927 0.0139087 -0.00424989 0.0160799 -0.00589335 -0.00985675 -0.00486839 0.00067508 -0.0158718 0.0100398 0.0140396 -0.00737311 0.00632195 -0.0163036 -0.0167756 -0.0168209 0.00510757 -0.00330247 0 0.000399336 -0.000650013 0.00509999
internal_weight=2669.38 1500.11 187.317 1312.79 1169.27 153.498 120.193 955.491 853.39 357.304 532.339 324.115 495.733 102.101 33.819 33.3046 636.926 36.6065 35.0247 457.778 37.9542 626.87 13.5345 602.696 20.2845 33.1882 24.1743 10.0563 4.91534 5.14091
internal_count=754383 135281 3306 131975 619102 2586 1815 113317 99529 18658 196707 13681 192623 13788 720 771 422395 4084 3982 181559 11064 416627 294 402705 426 4977 13922 5768 2875 2893
is_linear=0
shrinkage=0.0873782


Tree=13
num_leaves=31
num_cat=0
split_feature=24 23 43 8 12 8 25 32 30 31 22 37 22 8 10 24 37 8 32 32 15 21 25 8 10 3 11 21 8 11
split_gain=28.4856 10.0241 5.25492 3.35479 3.91304 3.16938 2.94111 2.56647 2.19934 2.10071 2.56624 1.90998 1.68276 1.60171 1.59807 1.85742 1.24136 1.23138 1.01785 0.973339 0.662782 0.867777 0.66203 0.46861 0.450202 0.323186 0.356832 0.172587 0.187214 0.0778301
threshold=-0.026520107872784134 0.002749210456386209 0.82574397325515758 0.57671168446540844 25.515000343322757 0.39853096008300787 0.00067387017770670365 0.37859743833541876 1773.5114746093752 -0.0078823347575962526 5.1511130332946786 2.8146587610244755 1.0000000180025095e-35 0.38343040645122534 0.55076318979263317 0.029173378832638267 0.5433899760246278 0.66894662380218517 -1.9567164778709409 0.55544245243072521 0.11404873058199884 45.246038436889656 -0.0015302533865906296 0.19565307348966601 0.77344581484794628 -0.063902292400598512 0.67095863819122326 62.288124084472663 0.33217243850231176 -0.38086862862110132
decision_type=2 2 2 2 2 2 2 2 2 2 2 2 2 2 2 2 2 2 2 2 2 2 2 2 2 2 2 2 2 2
left_child=1 5 12 9 6 25 -5 11 -6 10 -3 -7 27 -11 15 18 -17 22 -4 -9 23 -22 -16 -14 -19 29 -27 28 -2 -1
right_child=2 3 14 4 8 7 -8 19 -10 13 -12 -13 20 -15 17 16 -18 24 -20 -21 21 -23 -24 -25 -26 26 -28 -29 -30 -31
leaf_value=0 0 -0.016140726943442516 0.0064155458723206731 0.018504855468102894 0.012531614717936094 0.035478645949647655 0.00011297446288639151 -0.010167372306773873 -0.010001952499226011 -0.0042317191853147099 0.0055479823703119043 0 -0.017018244846213542 0.0084725725668694397 0.0032916658634620033 -0.0062101812651897655 0.012907167554907291 0.0097260265703281116 -0.0064788138882504688 0.0098460441205110005 -0.01121292023976438 0.0056239307212845946 -0.011860845531908385 -0.0099324392418599881 -0.0018201711406485663 -0.011836199962526666 0.00094423895461682517 0 0.010325333019347453 0.0065682330983221132
leaf_weight=3.1928931323345751 7.6252534694795093 83.344897910865257 43.216801749527804 313.01991567219375 24.548694338358473 163.55565081769601 97.991446200874634 5.2094039354706174 83.012697470374405 84.063457131196628 45.100743022921961 8.9096576313022506 231.21576313358673 207.82405727921287 4.08128908247454 9.3037475423188862 136.60948921882664 22.151896873343503 118.56483936469886 28.04039284697501 16.183561469399137 36.176978431816678 125.54711231109104 676.30334993514407 22.087608304253081 11.273178251634816 2.1772777479491188 2.1898585947346865 16.319110286800424 4.4153292584815089
leaf_count=117 4656 3321 6593 5498 1433 2405 1977 159 7824 25519 4274 81 160360 11050 568 1083 17103 1537 32447 1268 9843 22231 40615 383481 1675 2493 264 697 2851 154
internal_value=0.000594922 0.0107216 -0.00741565 0.00626829 0.010827 0.0265504 0.0145963 0.0296036 -0.00277704 0.000142909 -0.00810992 0.0335561 -0.0110033 0.00443045 0 0.00379898 0.0103949 -0.00616651 -0.00209361 0.00196474 -0.0116631 0 -0.010266 -0.0122121 0.0036388 -0.000654374 -0.00741693 0.00525749 0.00759625 0.00428223
internal_weight=2633.26 1165.68 1467.58 938.906 518.573 226.774 411.011 205.715 107.561 420.333 128.446 172.465 986.014 291.888 481.563 307.695 145.913 173.868 161.782 33.2498 959.88 52.3605 129.628 907.519 44.2395 21.0587 13.4505 26.1342 23.9444 7.60822
internal_count=753577 67837 685740 60896 16732 6941 7475 3913 9257 44164 7595 2486 584119 36569 101621 57226 18186 44395 39040 1427 575915 32074 41183 543841 3212 3028 2757 8204 7507 271
is_linear=0
shrinkage=0.0873782


Tree=14
num_leaves=32
num_cat=0
split_feature=8 26 10 24 11 0 17 16 12 26 26 7 2 26 8 29 38 0 4 29 21 32 32 10 0 4 25 12 21 22 39
split_gain=15.8877 8.99911 4.68869 4.32452 5.03629 3.68227 2.586 2.07645 1.87959 3.09109 2.24631 1.75909 1.37883 1.17037 0.859018 0.795353 0.623597 0.806479 0.580119 0.500873 0.238554 0.217538 0.202329 0.181113 0.118531 0.0998227 0.0364961 0.0368724 0.0317187 0.0135442 0.0116183
threshold=0.38049544394016271 -0.064743138849735246 0.15845663845539096 -0.11324939504265784 -2.6579684019088741 0.14285774528980258 27.931884765625004 0.018004657700657848 13.944999694824221 -0.0496146623045206 -0.036370649933814996 0.69424042105674755 -0.048765031620860093 -0.025895696133375164 0.59466347098350536 0.70390504598617565 0.020067961886525158 1.0000000180025095e-35 -52.81493949890136 -5.1674046516418448 44.942775726318366 -1.4403415918350218 -5.9349927902221671 0.70524942874908458 0.013945762999355795 -17.668175697326657 0.0001228820547112264 30.420000076293949 42.885105133056648 5.0906953811645517 -1.1220011711120603
decision_type=2 2 2 2 2 2 2 2 2 2 2 2 2 2 2 2 2 2 2 2 2 2 2 2 2 2 2 2 2 2 2
left_child=13 3 5 4 18 11 14 -7 10 -10 -4 -3 -8 20 -5 -6 17 25 -2 -19 23 22 -22 24 -1 -15 27 -18 -28 -23 -25
right_child=1 2 8 6 15 7 12 -9 9 -11 -12 -13 -14 16 -16 -17 26 19 -20 -21 21 29 -24 30 -26 -27 28 -29 -30 -31 -32
leaf_value=0 -0.0071509979217168019 0.0062021763914184205 -0.0078260545248990364 0.0035661506939830391 0.043799433016642755 -0.0057082666217499059 0.019305079322803367 0.010240144452539769 0.011806196558000012 -0.0065577970439925489 0.0067832688635752307 0.025469847229002165 -0.00063615479564130934 0.0052398792400264235 -0.012173776684819467 0.0042520816066970411 -0.0033753593131275682 7.2755877824743549e-05 0.007954127607197865 -0.011909368159340126 0 -0.0019412929501583841 0.0098086511620903913 0 -0.0091789336767426205 0 0 0 0.0022215176983314804 0 0.0018652724821448131
leaf_weight=1.1409832624485741 17.217056901659817 110.4346515853249 82.644291963719297 19.421020195179153 66.090007106773555 131.75701443455182 68.81196322949836 81.776507853050134 55.022792527815909 596.99568853252276 288.86678574775578 89.523542970215203 21.37302480985818 8.619153407460546 37.731669868284371 16.032674254383892 27.322310032264799 8.9014006842626241 16.48639617965091 776.43307416369498 3.0798251344240262 5.5376616119465307 26.110478581831561 0.5868678216356783 10.490381189330945 9.5283699641004187 6.0763547261594786 1.1097422248567443 27.196229069901165 3.467519196216017 4.4143888803082509
leaf_count=101 146 4213 3961 602 468 16780 1663 14803 2436 127179 39568 2135 1528 2668 1104 112 14066 2983 145 481521 834 1252 5506 117 2658 4352 3397 774 14228 1328 1188
internal_value=-0.000601946 0.00435049 0.00143289 0.0185702 0.0301219 0.00907465 0.00612967 0.000326337 -0.00167668 -0.00451491 0.00300478 0.0169769 0.0144172 -0.00975676 -0.00595636 0.0396351 -0.0105409 -0.0111886 0 -0.0116418 0.000689506 0.00484992 0.00775727 -0.00339532 -0.00737554 0.00137625 -9.69538e-05 -0.0023556 4.9591e-05 0 0.000325784
internal_weight=2620.2 1700.19 1437.02 263.164 115.826 413.492 147.338 213.534 1023.53 652.018 371.511 199.958 90.185 920.015 57.1527 82.1227 865.187 803.482 33.7035 785.334 54.8281 38.1955 29.1903 16.6326 11.6314 18.1475 61.7046 28.4321 33.2726 9.00518 5.00126
internal_count=753816 216843 211075 5768 871 37931 4897 31583 173144 129615 43529 6348 3191 536973 1706 580 523989 491524 291 484504 12984 8920 6340 4064 2759 7020 32465 14840 17625 2580 1305
is_linear=0
shrinkage=0.0873782


Tree=15
num_leaves=32
num_cat=0
split_feature=1 6 33 6 37 32 19 38 14 7 12 12 29 6 7 5 33 42 35 1 37 32 29 6 40 5 7 32 1 12 11
split_gain=18.6938 4.06316 3.96798 3.53165 4.90199 3.39345 3.03481 1.90918 1.76549 1.98524 1.49567 1.42184 1.29192 1.22131 1.09461 1.06133 1.00951 0.845487 0.805058 0.800907 0.673116 0.488302 0.565546 0.428434 0.396319 0.385558 0.318131 0.198126 0.149387 0.0277115 0.0244589
threshold=-0.014368263538926838 1.4860265254974367 -0.2455649524927139 1.6068375110626223 0.88281318545341503 0.43350023031234747 1.8765494823455813 -0.034074302762746804 0.73660713434219371 0.57347261905670177 20.755000114440922 33.439998626708991 0.8982636332511903 1.4173983931541445 0.68589547276496898 -0.019751402549445626 -0.14351522922515866 0.023729760199785236 0.026460990309715274 -0.026437504217028614 1.370904326438904 1.7974521517753603 -0.44753859937191004 2.0785752534866337 -0.39360000193119044 -0.016927610151469704 0.82127153873443615 -4.0314402580261222 0.042936539277434356 21.57499980926514 -0.88477885723114003
decision_type=2 2 2 2 2 2 2 2 2 2 2 2 2 2 2 2 2 2 2 2 2 2 2 2 2 2 2 2 2 2 2
left_child=2 17 3 4 15 6 -5 14 9 11 -6 -4 -7 -11 16 -1 -3 24 20 23 -9 22 -19 -10 30 -20 -16 -26 -23 -21 -2
right_child=1 7 8 5 10 12 -8 18 19 13 -12 -13 -14 -15 26 -17 -18 21 25 29 -22 28 -24 -25 27 -27 -28 -29 -30 -31 -32
leaf_value=0.017613934212184809 0 0.022059305064038949 0.0097541971505077443 0.026079822390354702 -0.0098332608581337307 -0.01120942219311852 0 -0.00012090143555973253 -0.02216612185976885 0.0038037761076247941 0.0044502618389521955 -0.0089582726809144669 0.010895212780606749 -0.0066559010357308251 -0.0072952542120979643 0 0 -0.0042114775988900781 -0.0025974924566062193 0 -0.011262315968860927 -0.0028423215670159287 -0.011791140359482383 0 0 0.0082257168113121035 0.0041988067985331843 0.010547630648051233 0.0050910738064129345 0.0031147232823051127 -0.0048189322050064751
leaf_weight=151.49898556951666 0.75147110945545392 39.084709355141968 298.99531417782418 223.95046171947615 113.81382036628202 28.575420906825457 39.133777020964772 120.80462702759542 15.410601573326863 138.20436163940758 66.23470902259578 11.339666048937941 9.608697029121684 149.34935703851806 12.894746808218772 32.820581896041404 11.16721763613168 173.11963752638258 7.7900917859806205 0.89889677212340657 64.414577574498253 33.09711141421576 755.89684143610066 2.6845203821430905 0.86486737377709033 45.440371711112675 10.91338758880738 15.2854893837939 4.9599995795288114 4.0520547179039568 8.9988991417631023
leaf_count=8561 408 1125 46809 3620 4270 984 414 33146 2585 35969 6737 4355 221 15006 760 2860 1844 100560 700 413 17024 19637 424785 80 255 7580 535 4150 1073 1520 4549
internal_value=0.000175814 -0.00708963 0.00762566 0.0122463 0.00550761 0.0191374 0.0224823 0.00124086 0.00225634 0.00353952 -0.00413256 0.00820072 -0.0019103 -0.00136724 0.0119106 0.0148856 0.0174493 -0.00978776 -0.0023825 -0.0141403 -0.00529691 -0.0102326 -0.0106215 -0.0194056 0.00164576 0.00491252 -0.000182473 0.00830489 0 0.00122379 -0.00409524
internal_weight=2592.06 1305.48 1286.57 665.636 364.368 301.268 263.084 312.51 620.935 597.889 180.049 310.335 38.1841 287.554 74.0601 184.32 50.2519 992.974 238.45 23.0461 185.219 967.074 929.016 18.0951 25.9007 53.2305 23.8081 16.1504 38.0571 4.95095 9.75037
internal_count=752535 618131 134404 27667 22428 5239 4034 62714 106737 102139 11007 51164 1205 50975 4264 11421 2969 555417 58450 4598 50170 546055 525345 2665 9362 8280 1295 4405 20710 1933 4957
is_linear=0
shrinkage=0.0873782


end of trees

feature_importances:
Column_12=32
Column_21=27
Column_8=26
Column_24=26
Column_13=22
Column_44=21
Column_18=19
Column_32=17
Column_43=17
Column_15=16
Column_22=14
Column_6=12
Column_10=12
Column_26=12
Column_37=12
Column_42=12
Column_14=11
Column_28=11
Column_11=10
Column_29=10
Column_30=10
Column_33=10
Column_1=8
Column_7=8
Column_23=8
Column_38=8
Column_17=7
Column_19=7
Column_41=7
Column_0=6
Column_5=6
Column_25=6
Column_31=6
Column_35=6
Column_39=6
Column_2=5
Column_20=5
Column_27=5
Column_34=5
Column_40=4
Column_3=3
Column_16=3
Column_36=3
Column_4=2
Column_9=1

parameters:
[boosting: gbdt]
[objective: lambdarank]
[metric: ndcg]
[tree_learner: serial]
[device_type: cpu]
[data_sample_strategy: bagging]
[data: ]
[valid: ]
[num_iterations: 130]
[learning_rate: 0.0873782]
[num_leaves: 39]
[num_threads: 15]
[seed: 0]
[deterministic: 0]
[force_col_wise: 0]
[force_row_wise: 0]
[histogram_pool_size: -1]
[max_depth: 5]
[min_data_in_leaf: 112]
[min_sum_hessian_in_leaf: 0.001]
[bagging_fraction: 0.414044]
[pos_bagging_fraction: 1]
[neg_bagging_fraction: 1]
[bagging_freq: 1]
[bagging_seed: 6]
[bagging_by_query: 0]
[feature_fraction: 0.530368]
[feature_fraction_bynode: 1]
[feature_fraction_seed: 6]
[extra_trees: 0]
[extra_seed: 6]
[early_stopping_round: 0]
[early_stopping_min_delta: 0]
[first_metric_only: 0]
[max_delta_step: 0]
[lambda_l1: 1.23285]
[lambda_l2: 21.9019]
[linear_lambda: 0]
[min_gain_to_split: 0]
[drop_rate: 0.1]
[max_drop: 50]
[skip_drop: 0.5]
[xgboost_dart_mode: 0]
[uniform_drop: 0]
[drop_seed: 4]
[top_rate: 0.2]
[other_rate: 0.1]
[min_data_per_group: 100]
[max_cat_threshold: 32]
[cat_l2: 10]
[cat_smooth: 10]
[max_cat_to_onehot: 4]
[top_k: 20]
[monotone_constraints: ]
[monotone_constraints_method: basic]
[monotone_penalty: 0]
[feature_contri: ]
[forcedsplits_filename: ]
[refit_decay_rate: 0.9]
[cegb_tradeoff: 1]
[cegb_penalty_split: 0]
[cegb_penalty_feature_lazy: ]
[cegb_penalty_feature_coupled: ]
[path_smooth: 0]
[interaction_constraints: ]
[verbosity: -1]
[saved_feature_importance_type: 0]
[use_quantized_grad: 0]
[num_grad_quant_bins: 4]
[quant_train_renew_leaf: 0]
[stochastic_rounding: 1]
[linear_tree: 0]
[max_bin: 255]
[max_bin_by_feature: ]
[min_data_in_bin: 3]
[bin_construct_sample_cnt: 200000]
[data_random_seed: 6]
[is_enable_sparse: 1]
[enable_bundle: 1]
[use_missing: 1]
[zero_as_missing: 0]
[feature_pre_filter: 1]
[pre_partition: 0]
[two_round: 0]
[header: 0]
[label_column: ]
[weight_column: ]
[group_column: ]
[ignore_column: ]
[categorical_feature: ]
[forcedbins_filename: ]
[precise_float_parser: 0]
[parser_config_file: ]
[objective_seed: 5]
[num_class: 1]
[is_unbalance: 0]
[scale_pos_weight: 1]
[sigmoid: 1]
[boost_from_average: 1]
[reg_sqrt: 0]
[alpha: 0.9]
[fair_c: 1]
[poisson_max_delta_step: 0.7]
[tweedie_variance_power: 1.5]
[lambdarank_truncation_level: 30]
[lambdarank_norm: 1]
[label_gain: ]
[lambdarank_position_bias_regularization: 0]
[eval_at: 1,3]
[multi_error_top_k: 1]
[auc_mu_weights: ]
[num_machines: 1]
[local_listen_port: 12400]
[time_out: 120]
[machine_list_filename: ]
[machines: ]
[gpu_platform_id: -1]
[gpu_device_id: -1]
[gpu_use_dp: 0]
[num_gpu: 1]

end of parameters

pandas_categorical:null
