tree
version=v4
num_class=1
num_tree_per_iteration=1
label_index=0
max_feature_idx=44
objective=lambdarank
feature_names=Column_0 Column_1 Column_2 Column_3 Column_4 Column_5 Column_6 Column_7 Column_8 Column_9 Column_10 Column_11 Column_12 Column_13 Column_14 Column_15 Column_16 Column_17 Column_18 Column_19 Column_20 Column_21 Column_22 Column_23 Column_24 Column_25 Column_26 Column_27 Column_28 Column_29 Column_30 Column_31 Column_32 Column_33 Column_34 Column_35 Column_36 Column_37 Column_38 Column_39 Column_40 Column_41 Column_42 Column_43 Column_44
feature_infos=[-8.3408709897637295e-14:1] [-0.75:3] [-0.875:5] [-0.91569268703460693:5.0232257843017578] [-94.563125610351562:84.300140380859375] [-0.91735535860061646:1.9595376253128052] [0:20] [0:1] [0:18.30817985534668] [0:12.575088500976562] [0:1] [-4.2485289573669434:4.2485289573669434] [9.8999996185302734:45.080001831054688] [-0.11715999990701675:0.13746070861816406] [0.02008928544819355:0.49944195151329041] [-0.26541188359260559:0.14628228545188904] [-0.92857140302658081:5] [0:100] [-0.98609501123428345:2.7162356091019364e-16] [-2.8248765631365413e-14:9.0776796340942383] [-0.55102038383483887:1.0645161867141724] [29.836103439331055:76.385124206542969] [-2.1821975650093695e-12:45.080001831054688] [-2.2767835658249122e-14:0.49944195151329041] [-7.1979546546936035:60] [-0.36636665463447571:0.083511553704738617] [-0.28362360596656799:0.9119722843170166] [-14.064321517944336:90.537322998046875] [-42.513568878173828:4.4953698695362337e-15] [-84.9705810546875:84.9705810546875] [0:6025.20849609375] [-0.1090909019112587:0.96354585886001587] [-19.33568000793457:11.025556564331055] [-0.95542347431182861:1.0172378652579476e-16] [-3.1484401674317097e-13:1] [-0.875:5] [-0.92857140302658081:2.7692315578460693] [0:20] [-0.89999997615814209:1.100000262260437] [-1.7888543605804443:1.7888543605804443] [-1.7888543605804443:1.7888543605804443] [-1.7888543605804443:1.7888543605804443] [0:1] [0:1] [0:1]
tree_sizes=3293 3553

Tree=0
num_leaves=30
num_cat=0
split_feature=27 20 43 22 18 22 3 24 22 16 10 39 27 10 30 3 37 10 39 31 38 27 41 30 10 41 29 33 20
split_gain=21.6927 6.18319 4.75624 4.72151 3.53589 3.64774 2.9404 2.61158 2.13628 1.99448 3.56805 2.09714 1.58176 1.29298 1.17794 1.06659 0.760144 0.665008 0.620712 0.467302 0.373626 0.239816 0.200751 0.13302 0.125535 0.0857765 0.014078 0.0310229 0.0133991
threshold=-0.0082602105103433115 -0.014937592670321463 0.7927270531654359 22.660000801086429 -0.21956530958414075 9.4637904167175311 -0.069882318377494798 0.0020899563096463685 2.9819823503494267 -0.048460828140377991 0.7445371448993684 1.171899199485779 0.0074348584748804578 0.59134873747825634 3500.916381835938 -0.0177921624854207 1.2838675379753115 0.94985243678092968 -0.041214985772967332 0.031570740044116981 -0.01617247890681028 -0.020219461992383 0.72029218077659618 1856.9270629882815 0.8152446746826173 -1.1106620430946348 -0.25808238983154291 -0.1421919912099838 -0.0012576328008435664
decision_type=2 2 2 2 2 2 2 2 2 2 2 2 2 2 2 2 2 2 2 2 2 2 2 2 2 2 2 2 2
left_child=3 8 4 6 7 -6 19 -3 15 10 -8 -11 16 22 -14 23 -4 -17 -15 21 26 -1 -10 -2 25 -22 28 -28 -5
right_child=1 2 12 20 5 -7 9 -9 13 11 -12 -13 14 18 -16 17 -18 -19 -20 -21 24 -23 -24 -25 -26 -27 27 -29 -30
leaf_value=0.034595716588055193 0.003403488225146608 -0.0087802680090953347 0.0017984615755352311 0 -0.0055975729866124032 -0.017750860801851346 0.014291344582855438 0.0079993622368892611 0.0094073937424219902 0.021754082897362768 -0.01149851349307285 -0.0022741439047293519 0.014221296526880908 -0.013105388522515705 -0.0032710007233338091 0.02049474438798914 -0.0091676848491731456 0 0.0025149701711767404 0 0 0 0 -0.0043721654749696347 0 -0.01771793073047713 0.0036001632795235063 0 -0.0020619137868130096
leaf_weight=92.955332866782555 6.2581021249061477 109.81151436461369 103.25467611168278 0.47753021365497295 459.60626928962301 399.76910556937219 69.621492824167944 131.01359490305185 36.782480139750987 159.29565703403205 50.140390942047816 18.904709269932937 93.896732519759098 41.102237292769132 17.871439278271282 91.029976839345181 49.324700268422021 6.5642865279223761 4.7726169251836827 2.6952673856285392 0.55351168802007933 2.8755031847103956 3.6452711481251745 14.162467625836141 2.4704058285569763 10.281968194001818 4.5376696935272776 1.3782672441448101 2.5498607301851735
leaf_count=20486 1264 24268 28765 83 127807 111202 14897 27098 9254 35117 8657 4047 20674 8411 4850 22075 13925 1387 1129 652 99 828 1073 3898 577 2434 945 383 648
internal_value=0.000294785 -0.00440666 -0.00658694 0.0174975 -0.00910904 -0.011674 0.0198778 0 0.00890623 0.0131958 0.00262515 0.0186968 0.00342739 -0.000605165 0.0105408 0.0156376 -0.00183498 0.0188274 -0.00960335 0.033116 -0.0112997 0.0339423 0.00766373 0 -0.0155287 -0.0169886 0 0.00195048 -0.000257652
internal_weight=1987.6 1568.87 1364.55 418.738 1100.2 859.375 396.488 240.825 204.317 297.962 119.762 178.2 264.348 86.3026 111.768 118.015 152.579 97.5943 45.8749 98.5261 22.2492 95.8308 40.4278 20.4206 13.3059 10.8355 8.94333 5.91594 3.02739
internal_count=496933 407080 358589 89853 290375 239009 84684 51366 48491 62718 23554 39164 68214 19867 25524 28624 42690 23462 9540 21966 5169 21314 10327 5162 3110 2533 2059 1328 731
is_linear=0
shrinkage=0.0873782


Tree=1
num_leaves=32
num_cat=0
split_feature=3 44 40 25 42 22 22 21 44 32 4 43 18 22 44 42 44 44 4 3 43 24 7 12 44 42 3 21 44 18 3
split_gain=176.889 34.1114 22.6575 18.618 11.0322 9.85483 8.59554 7.65304 6.43676 6.31697 5.33911 5.03371 3.45859 3.35571 3.30496 1.87468 1.8513 1.53788 1.78436 1.01682 0.923428 0.841856 0.700811 0.584681 0.552693 0.347484 0.242935 0.232571 0.0257547 0.00535095 0.00353053
threshold=-0.069882318377494798 0.57509973645210277 -0.36769954860210413 -0.00013695067900698629 0.16443327069282535 2.6459541320800786 3.5933778285980229 54.158626556396491 0.51213273406028759 0.19077595323324206 -14.002705574035643 0.59155604243278515 -0.53425833582878102 1.6971386671066286 0.53595730662345897 0.17615857720375064 0.72615897655487072 0.83955574035644542 -32.715192794799798 -0.010176782496273516 0.41562947630882269 0.058550588786602027 0.72228989005088817 19.244999885559086 0.53595730662345897 0.02317141275852919 -0.028328960761427876 71.951232910156264 0.4490016251802445 -0.23404284566640851 -0.027161922305822369
decision_type=2 2 2 2 2 2 2 2 2 2 2 2 2 2 2 2 2 2 2 2 2 2 2 2 2 2 2 2 2 2 2
left_child=2 13 5 8 16 14 22 11 23 -8 -10 -5 -9 24 28 -16 26 18 -6 -18 -19 25 -7 -4 27 -15 -3 -2 -1 -23 -26
right_child=1 4 3 7 17 6 9 12 10 -11 -12 -13 -14 21 15 -17 19 20 -20 -21 -22 29 -24 -25 30 -27 -28 -29 -30 -31 -32
leaf_value=0.0017476910626456651 -0.015513179407182784 0.0011396921149605258 0.0016379612156885101 -0.012040208703280549 0.0010057418899194275 0.0018152737366112081 0.035915611236376876 -0.0026128908865556315 0.031620755937244512 0.004605980839641202 -0.005493812828061783 0.0055823704019688277 0.022538767632223594 0 0.048216230787900549 0.0037664747659328416 0.016216294078838758 -0.01127655230972768 -0.019778793439110903 0.0011671843917200212 0 0 -0.013389939762717526 -0.015016574985216267 0.001019230725801733 -0.035279496796622144 -0.005579506865623347 0 -0.0020081440204187079 -0.0015067360924230233 0
leaf_weight=7.1226949965348449 109.40770559915109 33.940768825937994 4.2368075567064833 246.74243360344553 21.951103409170173 12.306480122031642 149.00033180380706 41.376368494704366 342.87525296525564 91.368236370035447 20.48341356695164 201.94741765328217 134.3785106157884 1.9599284866126243 280.14508281217422 16.867915462993551 111.65776012922288 104.93990642036078 294.74062573956326 73.322830142336898 101.36001960316207 2.1215761767234644 39.628575298236683 16.224344889866188 4.045872560760472 711.14512332502636 53.822498743596952 0.75846484408248116 4.8750853813253343 11.266095144499557 6.5364472766232193
leaf_count=272 31588 5289 230 3781 3035 159 1822 866 4130 1776 396 3091 2290 468 3226 234 14591 24900 85742 18633 23560 575 582 602 603 244407 14512 207 119 3201 1754
internal_value=-0.000144341 -0.020213 0.020271 0.0116839 -0.00675668 0.0335802 0.019114 0.0019562 0.0262846 0.0258035 0.0290555 -0.00398902 0.0164391 -0.0322385 0.0447679 0.0464617 0.00687555 -0.0140543 -0.0180481 0.0115269 -0.00630752 -0.0347424 -0.00885826 -0.0099612 -0.0133977 -0.0351812 -0.00229003 -0.0150277 0 -0.00098797 0
internal_weight=3252.56 1642.98 1609.58 1008.26 795.736 601.314 292.304 624.445 383.82 240.369 363.359 448.69 175.755 847.241 309.011 297.013 272.744 522.992 316.692 184.981 206.3 726.493 51.9351 20.4612 120.748 713.105 87.7633 110.166 11.9978 13.3877 10.5823
internal_count=496641 473065 23576 15386 190262 8190 4339 10028 5358 3598 4526 6872 3156 282803 3851 3460 53025 137237 88777 33224 48460 248651 741 832 34152 244875 19801 31795 391 3776 2357
is_linear=0
shrinkage=0.0873782


end of trees

feature_importances:
Column_44=7
Column_3=6
Column_22=6
Column_10=4
Column_18=3
Column_27=3
Column_42=3
Column_43=3
Column_4=2
Column_20=2
Column_21=2
Column_24=2
Column_30=2
Column_39=2
Column_41=2
Column_7=1
Column_12=1
Column_16=1
Column_25=1
Column_29=1
Column_31=1
Column_32=1
Column_33=1
Column_37=1
Column_38=1
Column_40=1

parameters:
[boosting: gbdt]
[objective: lambdarank]
[metric: ndcg]
[tree_learner: serial]
[device_type: cpu]
[data_sample_strategy: bagging]
[data: ]
[valid: ]
[num_iterations: 130]
[learning_rate: 0.0873782]
[num_leaves: 39]
[num_threads: 15]
[seed: 0]
[deterministic: 0]
[force_col_wise: 0]
[force_row_wise: 0]
[histogram_pool_size: -1]
[max_depth: 5]
[min_data_in_leaf: 112]
[min_sum_hessian_in_leaf: 0.001]
[bagging_fraction: 0.414044]
[pos_bagging_fraction: 1]
[neg_bagging_fraction: 1]
[bagging_freq: 1]
[bagging_seed: 6]
[bagging_by_query: 0]
[feature_fraction: 0.530368]
[feature_fraction_bynode: 1]
[feature_fraction_seed: 6]
[extra_trees: 0]
[extra_seed: 6]
[early_stopping_round: 0]
[early_stopping_min_delta: 0]
[first_metric_only: 0]
[max_delta_step: 0]
[lambda_l1: 1.23285]
[lambda_l2: 21.9019]
[linear_lambda: 0]
[min_gain_to_split: 0]
[drop_rate: 0.1]
[max_drop: 50]
[skip_drop: 0.5]
[xgboost_dart_mode: 0]
[uniform_drop: 0]
[drop_seed: 4]
[top_rate: 0.2]
[other_rate: 0.1]
[min_data_per_group: 100]
[max_cat_threshold: 32]
[cat_l2: 10]
[cat_smooth: 10]
[max_cat_to_onehot: 4]
[top_k: 20]
[monotone_constraints: ]
[monotone_constraints_method: basic]
[monotone_penalty: 0]
[feature_contri: ]
[forcedsplits_filename: ]
[refit_decay_rate: 0.9]
[cegb_tradeoff: 1]
[cegb_penalty_split: 0]
[cegb_penalty_feature_lazy: ]
[cegb_penalty_feature_coupled: ]
[path_smooth: 0]
[interaction_constraints: ]
[verbosity: -1]
[saved_feature_importance_type: 0]
[use_quantized_grad: 0]
[num_grad_quant_bins: 4]
[quant_train_renew_leaf: 0]
[stochastic_rounding: 1]
[linear_tree: 0]
[max_bin: 255]
[max_bin_by_feature: ]
[min_data_in_bin: 3]
[bin_construct_sample_cnt: 200000]
[data_random_seed: 6]
[is_enable_sparse: 1]
[enable_bundle: 1]
[use_missing: 1]
[zero_as_missing: 0]
[feature_pre_filter: 1]
[pre_partition: 0]
[two_round: 0]
[header: 0]
[label_column: ]
[weight_column: ]
[group_column: ]
[ignore_column: ]
[categorical_feature: ]
[forcedbins_filename: ]
[precise_float_parser: 0]
[parser_config_file: ]
[objective_seed: 5]
[num_class: 1]
[is_unbalance: 0]
[scale_pos_weight: 1]
[sigmoid: 1]
[boost_from_average: 1]
[reg_sqrt: 0]
[alpha: 0.9]
[fair_c: 1]
[poisson_max_delta_step: 0.7]
[tweedie_variance_power: 1.5]
[lambdarank_truncation_level: 30]
[lambdarank_norm: 1]
[label_gain: ]
[lambdarank_position_bias_regularization: 0]
[eval_at: 1,3]
[multi_error_top_k: 1]
[auc_mu_weights: ]
[num_machines: 1]
[local_listen_port: 12400]
[time_out: 120]
[machine_list_filename: ]
[machines: ]
[gpu_platform_id: -1]
[gpu_device_id: -1]
[gpu_use_dp: 0]
[num_gpu: 1]

end of parameters

pandas_categorical:null
