tree
version=v4
num_class=1
num_tree_per_iteration=1
label_index=0
max_feature_idx=44
objective=lambdarank
feature_names=Column_0 Column_1 Column_2 Column_3 Column_4 Column_5 Column_6 Column_7 Column_8 Column_9 Column_10 Column_11 Column_12 Column_13 Column_14 Column_15 Column_16 Column_17 Column_18 Column_19 Column_20 Column_21 Column_22 Column_23 Column_24 Column_25 Column_26 Column_27 Column_28 Column_29 Column_30 Column_31 Column_32 Column_33 Column_34 Column_35 Column_36 Column_37 Column_38 Column_39 Column_40 Column_41 Column_42 Column_43 Column_44
feature_infos=[-8.0341129257179011e-14:1] [-0.78716742992401123:1.2571429014205933] [-0.81102359294891357:2.4482758045196533] [-0.81401968002319336:2.3440861701965332] [-92.606430053710938:85.19879150390625] [-0.87124460935592651:1.5210083723068237] [0:20] [0:1] [0:26.914485931396484] [0:12.575088500976562] [0:1] [-4.2485289573669434:4.2485289573669434] [13.449999809265137:80.860000610351562] [-0.19793374836444855:0.19403535127639771] [0.0044642859138548374:0.64118301868438721] [-0.39048278331756592:0.21548044681549072] [-0.81111109256744385:2.4444444179534912] [0:100] [-0.9941176176071167:4.1758229314758455e-16] [-3.5471693399409532e-14:8.7030181884765625] [-0.5:1.5000001192092896] [35.702156066894531:81.139915466308594] [-1.4614052155914603e-12:80.05999755859375] [-3.6270072774173545e-14:0.64118301868438721] [-10.192450523376465:15.955053329467773] [-0.061775531619787216:0.15447111427783966] [-0.46576583385467529:0.77921146154403687] [-2.7916209697723389:9.6868000030517578] [-76.08563232421875:6.777360485701097e-15] [-84.9705810546875:84.9705810546875] [0:6491.63818359375] [-0.093015670776367188:1.5000001192092896] [-20.957466125488281:18.598587036132812] [-0.98235291242599487:1.7202096987745027e-16] [-3.0466100020380693e-13:1] [-0.78723400831222534:1.3749998807907104] [-0.78723400831222534:1.6249998807907104] [0:20] [-0.63087248802185059:1.047930121421814] [-1.7888543605804443:1.7888543605804443] [-1.7888543605804443:1.7888543605804443] [-1.7888543605804443:1.7888543605804443] [0:1] [0:1] [0:1]
tree_sizes=3090 3389 3524 3446 3213 3507 3201 3470 3006

Tree=0
num_leaves=28
num_cat=0
split_feature=27 18 43 20 16 35 26 10 22 31 10 22 3 10 33 3 41 30 24 38 37 22 18 31 23 33 37
split_gain=17.2734 8.08931 4.71733 4.21548 3.98149 3.00493 2.3093 2.14734 2.11516 1.71616 1.71222 1.03151 1.00739 0.720677 0.57789 0.337052 0.259756 0.208519 0.179949 0.0750167 0.0291032 0.0315756 0.0389941 0.0158028 0.0131418 0.00649828 0.00517122
threshold=-0.029319334775209423 -0.4943172931671142 0.64564126729965221 -0.0098311216570436937 -0.034482730552554124 -0.0096691315993666632 -0.017442550510168072 0.40620994567871099 31.902253150939945 -0.0043688840232789508 0.39447571337223059 41.146436691284187 -0.049177983775734894 0.41020090878009802 -0.073584672063589082 -0.025865393690764901 1.7077654600143435 2710.6674804687505 0.037578994408249862 -0.032214503735303872 1.2999296784400942 52.370718002319343 -0.39595298469066614 0.076453231275081648 0.086140390485525145 -0.033683432266116135 1.7845484614372256
decision_type=2 2 2 2 2 2 2 2 2 2 2 2 2 2 2 2 2 2 2 2 2 2 2 2 2 2 2
left_child=11 4 3 7 13 12 -5 -3 9 -6 -7 14 -4 19 15 16 -1 -15 -10 -2 21 22 -13 26 -16 -26 -22
right_child=1 2 5 6 8 10 -8 -9 18 -11 -12 20 -14 17 24 -17 -18 -19 -20 -21 23 -23 -24 -25 25 -27 -28
leaf_value=0.02476176542228321 -0.00015849655001444831 0.010595848457929121 -0.0025022643484948425 0.0083972953190614395 0.0002369418089942141 0.0039298050031420471 -0.011964726785412251 -0.0043793100447171354 -0.0056779488236095906 0.027894960973429257 -0.0066259423002223974 -0.0053482043695854001 0.013008374401470886 -0.017717861557095212 0.0010153521077963781 0 0 0 0.0026956033872142402 0.0042979678988965871 0.0028066590963311462 0 0 0 -0.0022110200838739349 0 0
leaf_weight=198.22903231781675 4.1630231076851478 96.744149690872291 18.146600795909762 23.661052320239833 29.766834999201819 165.7578408481786 806.54678264123504 161.01996671620873 12.296198643802201 98.091407120722579 267.25433670016355 3.8034763368195854 149.50578803598182 14.157416991132774 1.5012919322471123 1.1219545290223312 0.48079512821277504 0.74672737572109404 15.446152959484605 10.03658305067802 1.6940263840078849 3.0052156749006826 0.65159065934130733 0.7003879397525451 3.8362304654438044 0.63209855137392912 0.76295911689521734
leaf_count=46537 848 28730 5343 6298 6885 51281 243359 46639 3054 21341 76719 853 41569 4232 411 270 132 220 3684 2703 397 947 237 203 802 204 205
internal_value=4.35274e-05 -0.00269424 -0.00468548 -0.00807817 0.0135559 0.00135461 -0.0110571 0.00124563 0.0190064 0.0231515 -0.00235372 0.0222636 0.0106661 -0.00912108 0.0235237 0.0242521 0.0245524 -0.0162573 0 0.000703985 0 -0.0025867 -0.00407438 0.00101345 0 -0.0017 0.00245148
internal_weight=2089.76 1873.34 1688.64 1087.97 184.704 600.665 830.208 257.764 155.601 127.858 433.012 216.419 167.652 29.1038 205.801 199.832 198.71 14.9041 27.7424 14.1996 10.6177 7.46028 4.45507 3.15737 5.96962 4.46833 2.45699
internal_count=594103 542905 499938 325026 42967 174912 249657 75369 34964 28226 128000 51198 46912 8003 48356 46939 46669 4452 6738 3551 2842 2037 1090 805 1417 1006 602
is_linear=0
shrinkage=0.0873782


Tree=1
num_leaves=30
num_cat=0
split_feature=44 42 42 33 18 25 22 38 10 43 39 24 9 2 24 18 21 25 22 3 28 28 21 9 39 36 42 44 10
split_gain=52.4706 29.4881 10.4392 9.90993 6.83821 5.09952 4.83934 2.58421 2.5632 2.53491 3.61093 3.00034 2.10204 2.31923 1.72899 2.65976 1.68176 1.53832 1.45544 1.22661 1.21581 1.15522 0.834166 0.761 0.506003 0.0997871 0.00838635 0.0283484 0.000863365
threshold=0.53818666934967052 0.056113902479410178 0.87241762876510631 -0.10550276190042494 -0.4943172931671142 -0.00024288407439598811 19.936001777648929 0.046615041792392738 0.44941882789134985 0.56026169657707225 1.269783139228821 0.14978909492492679 9.0928010940551776 0.18244179338216784 -0.019221502356231209 -0.7704261541366576 38.412033081054695 4.8160582082346089e-05 0.61865720152854931 -0.062708280980586992 -3.4537466764450069 -13.133733272552488 49.475286483764656 9.7270359992980975 -0.88623890280723561 -0.087927337735891328 0.0086543830111622828 0.33686533570289617 0.27974851429462438
decision_type=2 2 2 2 2 2 2 2 2 2 2 2 2 2 2 2 2 2 2 2 2 2 2 2 2 2 2 2 2
left_child=4 12 3 5 6 -3 8 -5 17 10 -4 -11 13 20 15 -14 -8 -1 26 25 -2 -10 -21 -16 -18 -20 28 -28 -6
right_child=1 2 9 7 18 -7 16 -9 21 11 -12 -13 14 -15 23 -17 24 -19 19 22 -22 -23 -24 -25 -26 -27 27 -29 -30
leaf_value=0.020740031072793593 0.03896596330503295 -0.00043286997495561185 -0.020008911693307003 -0.0024721045679499628 0.00049640407053926018 0.013001752819528914 0.0066891763277067305 -0.023537164651591953 -0.015301679299947513 0.0036923865376532225 0.0023922583831035493 -0.019275868425417893 -0.0073337347806989263 -0.001246349221867884 -0.0082767449431295458 0.027737410656434106 0 0 0.0014863560555108304 -0.025694302116516916 0.0023790837492139384 0.0048983813063957432 -0.014797147822232841 0.0072010181601314749 -0.022320820672989381 -0.0038969024947691235 -0.0028053849930095949 0 0
leaf_weight=56.038505000295117 198.26515092520276 259.12352606776403 184.84542113175848 351.93326438020449 4.8484491361305144 908.42459033342311 2.7523280826862893 33.968843102629762 29.97477492649341 176.89347093040124 57.915215878165327 33.000239068060182 5.4908926730277008 5.5711235074559218 16.272165680362377 57.209824932622723 1.3728024780284602 49.219036215799861 7.1587413908564477 440.04820971679874 16.799241097527556 12.554376017826142 275.63121549412608 39.821311967738438 74.244265736662783 25.385649498668499 13.73480523505714 8.9092847154824977 3.0230840722215362
leaf_count=1397 10831 19821 21063 89623 1494 81308 64 5158 3264 21629 5284 2562 364 148 1278 6015 86 2332 1198 177728 3569 322 110637 4792 6101 6136 5262 3098 1143
internal_value=-0.000362759 0.00676187 0.00253537 0.00597445 -0.0168869 0.00997646 -0.00263151 -0.00575503 0.00612421 -0.0087711 -0.0145019 -0.000934154 0.0297755 0.0356104 0.0143163 0.0222894 -0.0179483 0.0130877 -0.020707 -0.0214523 0.0370467 -0.00802867 -0.0222075 0.000266534 -0.0212506 -0.000612641 0 -0.00119891 0
internal_weight=3350.43 2345.53 2006.1 1553.45 1004.9 1167.55 226.156 385.902 147.787 452.654 242.761 209.894 339.43 220.636 118.794 62.7007 78.3694 105.258 778.739 748.224 215.064 42.5292 715.679 56.0935 75.6171 32.5444 30.5156 22.6441 7.87153
internal_count=593707 273445 246448 195910 320262 101129 13566 94781 7315 50538 26347 24191 26997 14548 12449 6379 6251 3729 306696 295699 14400 3586 288365 6070 6187 7334 10997 8360 2637
is_linear=0
shrinkage=0.0873782


Tree=2
num_leaves=32
num_cat=0
split_feature=42 23 44 44 19 44 18 43 2 11 8 18 16 42 8 33 28 13 8 3 10 22 10 20 22 40 14 33 6 16 1
split_gain=188.717 38.9363 35.7084 10.1161 8.88517 9.15036 7.87853 6.77964 5.49188 4.52285 3.97712 3.61673 3.2881 3.27432 3.02605 4.42254 2.73695 2.0572 1.8271 1.73389 1.65251 1.24273 0.576617 0.391113 0.319882 0.251103 0.229246 0.201599 0.15492 0.146699 0.0113118
threshold=0.056113902479410178 0.0011673707049340012 0.66090959310531627 0.8164859712123872 0.41705232858657842 0.57019427418708812 -0.4943172931671142 0.8590407967567445 -0.080881282687187181 0.87718826532363903 0.71669244766235363 -0.4943172931671142 0.10820178315043451 0.0254048015922308 1.184323310852051 -0.50776576995849598 -17.409754753112789 0.0074895506259053954 0.47432295978069311 0.01108668837696314 0.30680300295352941 7.0403447151184091 0.19745492935180667 0.0058498333673924216 16.526388168334964 -0.531213879585266 0.60184150934219371 -0.30957423150539393 1.6324182748794558 -0.16303254663944242 0.0011027266737073662
decision_type=2 2 2 2 2 2 2 2 2 2 2 2 2 2 2 2 2 2 2 2 2 2 2 2 2 2 2 2 2 2 2
left_child=1 4 11 13 14 27 16 9 24 -5 -9 18 -7 20 15 -1 22 -18 23 -15 -3 -10 -4 -2 -8 -16 29 -6 -20 -13 -28
right_child=2 3 6 7 5 12 8 10 21 -11 -12 26 -14 19 25 -17 17 -19 28 -21 -22 -23 -24 -25 -26 -27 30 -29 -30 -31 -32
leaf_value=0.025747508859338856 -0.0041198613907522923 0.018004444971575634 0.001179437837776952 0.027769112455883208 0.0030767416900866441 0.049217490559278688 0.0125398307675377 -0.012319449546948059 -0.0060062228989774692 -0.00017060286225532666 0.015202759045441813 0 0.0067855607414014432 -0.0028885432337189586 0.034060009138974986 -0.011285104673355136 0 0.015929321605978645 -0.021666305881692282 -0.022646515651373225 0 -0.019033578025430688 -0.0097929860422281325 0.0068987672387126808 0 0.0027719489472198904 0 -0.0055655462170690444 0 -0.033679471420451218 -0.001770678487782787
leaf_weight=13.539513009134678 37.173606552300043 48.943812404177152 26.340261601551902 291.81519299664069 5.2632289640605476 452.09954945213394 42.878127381438389 67.691212810575962 132.47065203910461 42.331172766629606 50.646185126155615 2.8009881203761315 28.392226823605597 170.1470844229334 13.544570459285753 58.743606246542186 113.03810688864905 123.66081821138505 40.571679809712805 31.113470693409909 68.4654498512391 318.23046889988473 77.947808211378288 19.772798846825026 5.8642656849697223 15.524940773844717 2.0675404439680261 20.996392121829558 3.9823089984711251 783.16231187619269 6.443501495057717
leaf_count=113 3276 3009 4845 5556 530 6332 6047 1072 34650 905 808 878 262 15722 82 1314 8900 7011 12587 3856 6144 99122 17466 1982 1407 160 866 5379 1056 338768 2800
internal_value=-0.000202224 0.0236871 -0.0192979 0.00999901 0.0399233 0.0446852 -0.00595089 0.0181122 -0.0127775 0.0241343 0 -0.0312594 0.0473297 -0.00162861 0.0115307 0 0.00391886 0.00906044 -0.0107249 -0.00834854 0.0086188 -0.0158883 -0.00644428 0 0.0104701 0.0278348 -0.0333928 -0.000985182 -0.0205791 -0.0336004 -0.000287073
internal_weight=3115.66 1379.26 1736.41 771.154 608.104 506.751 840.431 452.484 499.444 334.146 118.337 895.975 480.492 318.67 101.353 72.2831 340.987 236.699 101.5 201.261 117.409 450.701 104.288 56.9464 48.7424 29.0695 794.474 26.2596 44.554 785.963 8.51104
internal_count=592905 51244 541661 37072 14172 12503 179448 8341 141226 6461 1880 362213 6594 28731 1669 1427 38222 15911 18901 19578 9153 133772 22311 5258 7454 242 343312 5909 13643 339646 3666
is_linear=0
shrinkage=0.0873782


Tree=3
num_leaves=31
num_cat=0
split_feature=0 44 8 44 22 28 0 14 10 30 24 9 16 18 30 14 21 19 18 19 25 30 44 24 19 5 22 44 44 6
split_gain=193.428 88.0374 14.68 12.8424 10.3769 6.11201 5.61723 3.7374 3.8228 3.28169 4.02018 3.5978 3.21184 2.18038 2.0997 1.95837 1.77522 1.59332 1.2911 1.28795 1.27352 1.215 1.16021 0.641131 0.590444 0.443412 0.426214 0.407801 0.318236 0.274845
threshold=0.01960830204188824 0.81266397237777721 0.45851093530654913 0.60586482286453258 15.198165416717531 -5.6677155494689933 0.15909143537282947 0.34347097575664526 0.50791671872138988 2745.8044433593755 0.010261746123433115 9.7499804496765154 -0.042899064719676964 -0.16413152962923047 1849.9231567382815 0.12332589551806451 51.554773330688484 0.7742179036140443 -0.60030499100685109 0.36064535379409796 -0.00012290848098928106 1871.4262695312502 0.53020435571670543 -0.011690343730151652 1.4136939048767092 0.018283481709659103 9.4608306884765643 0.58578315377235424 0.90260890126228344 3.5983456373214726
decision_type=2 2 2 2 2 2 2 2 2 2 2 2 2 2 2 2 2 2 2 2 2 2 2 2 2 2 2 2 2 2
left_child=2 3 7 18 5 15 20 16 13 10 11 -4 -7 -9 -8 -3 27 23 26 21 -5 -6 -18 -11 -19 -10 -2 -1 -21 -20
right_child=1 4 9 6 19 12 14 8 25 17 -12 -13 -14 -15 -16 -17 22 24 29 28 -22 -23 -24 -25 -26 -27 -28 -29 -30 -31
leaf_value=0 0.0016750499870592927 0 0.047865527329889315 0.011399403459320789 0.00040582873534174995 0.010702580970394166 -0.0011346760217364048 0.037039622743775973 -0.0083633355188802647 -0.0121721109001738 0 0.015032986149851987 -0.0097961166759766155 0.0012065280787642695 -0.023446598802188044 0.018246043943281103 -0.007326495826070414 0.024623857601896254 -0.036287802975476208 -0.0026616669071493873 -0.0046876385629705218 -0.017974437964329813 0.011701189014209155 0.0044273250276601131 0 0.0046666315914767843 -0.010795625388701055 -0.017763982183355499 0.0083454018034326265 0
leaf_weight=5.4549733444582698 10.352358377829662 47.772322363685817 500.97445779270492 36.681027373706456 19.350130483158864 77.387001499882899 50.227846392430365 56.55048389401054 19.985671376227405 8.2340935397660378 11.725939206779001 64.089841976645403 116.8369151459774 25.074796241475269 278.48293315514456 469.93611999589484 10.93297047150554 23.415060880419333 765.81978718223399 8.9983641536673549 77.204522658983478 111.89178028554306 56.026324397651479 12.987838380038736 11.238928823499007 8.3841380023513903 16.470731494191568 19.594652839121409 13.381195069989188 4.6388928819796993
leaf_count=1462 1521 5714 5262 3886 3293 5934 9805 1084 1141 197 132 2353 26525 1908 90453 29579 4378 570 340642 2002 13866 30299 1556 278 223 590 4451 420 2142 1567
internal_value=0.000195306 -0.0138865 0.0352889 -0.0286397 0.0073108 0.0118064 -0.0151332 0.0122385 0.0216932 0.0418284 0.0440032 0.0450251 -0.000873239 0.0296565 -0.0206284 0.0166053 -0.000116538 0.0119238 -0.035401 -0.011783 0.000703385 -0.0148906 0.00634207 -0.00242618 0.0201527 -0.00201428 -0.00518224 -0.0145802 0.00235947 -0.0361448
internal_weight=2940.1 2105.43 834.67 1239.88 865.554 711.932 442.596 202.004 109.995 632.666 576.79 565.064 194.224 81.6253 328.711 517.708 92.0089 55.8759 797.282 153.621 113.886 131.242 66.9593 21.2219 34.654 28.3698 26.8231 25.0496 22.3796 770.459
internal_count=593233 571679 21554 466191 105488 67752 118010 12539 4723 9015 7747 7615 32459 2992 100258 35293 7816 1268 348181 37736 17752 33592 5934 475 793 1731 5972 1882 4144 342209
is_linear=0
shrinkage=0.0873782


Tree=4
num_leaves=29
num_cat=0
split_feature=42 44 31 44 44 10 19 24 10 30 44 44 32 42 43 42 10 30 42 15 42 44 19 44 19 44 31 11
split_gain=198.628 34.7819 27.5126 8.41984 8.38783 6.14541 4.47995 4.03173 3.41798 3.26511 3.12004 2.02073 1.82988 1.52967 1.32936 1.01622 0.91526 0.798296 0.629557 0.599876 0.579729 0.545637 0.707839 0.511322 0.436013 0.366024 0.141861 0.0676455
threshold=0.058905638754367835 0.82422897219657909 -1.0000000180025095e-35 0.64875292778015148 0.63712728023529064 0.17419324815273288 0.50981405377388012 -0.014017264824360607 0.26846241950988775 2916.0036621093755 0.92595708370208751 0.94536480307579052 -0.2964909821748733 0.80597430467605602 0.68510448932647716 0.48492462933063513 0.2329177409410477 1328.9062500000002 0.014237856026738884 0.20824914425611499 0.38051368296146398 0.66090959310531627 0.99677401781082164 0.39208787679672247 1.2272776365280154 1.0000000180025095e-35 -0.010214668698608874 0.49232049286365515
decision_type=2 2 2 2 2 2 2 2 2 2 2 2 2 2 2 2 2 2 2 2 2 2 2 2 2 2 2 2
left_child=2 19 3 18 16 9 -7 11 -9 -6 14 -5 13 -12 17 -14 23 -3 27 21 -16 25 -23 -4 -18 -2 -20 -1
right_child=1 10 4 7 5 6 -8 8 -10 -11 12 -13 15 -15 20 -17 24 -19 26 -21 -22 22 -24 -25 -26 -27 -28 -29
leaf_value=-0.0024909676307487386 0 0.0029600593135639653 0 0.010046309956390472 0.049771850399099322 0.0044970693565341696 0.031088817273562861 0.01538992309377544 -0.0099257400865635382 0 0.013808479577386051 0.027597226581569906 0.0032509140490959024 -0.0048030063784143462 0.0062305665362601143 -0.010346701041556572 -0.0089307663277419461 -0.014805956533925625 0 0 -0.0055452682144466244 -0.022164628483351517 0 0.014737943179037897 0.0034767813472820568 -0.033607088196970454 -0.019393658851660139 0.0034663308772380479
leaf_weight=7.9379526224220154 4.5068015313590868 3.4942835303954771 10.967026035476009 209.86071047547739 296.00171645288356 76.069567937171087 359.92782399151474 43.462021637998987 85.838664134265855 12.728724238113498 122.23417208832689 105.98638114635833 56.354507895593997 22.020408086449606 37.277390659728553 57.214469714846928 26.750865057925694 152.44681339443196 1.831601951853371 3.899757604696787 47.329341542557813 225.21852124587167 19.029677360784262 29.67597534682136 7.3405625531449905 740.59280081023462 57.171971587144071 5.6722337976098061
leaf_count=1594 1796 343 2520 7414 2540 1253 4031 1364 4233 279 11750 1669 8419 4962 5494 12549 4235 36560 357 1723 11157 81287 5973 1322 847 357565 19446 947
internal_value=0.000187069 -0.0215495 0.0244691 0.00795464 0.0342968 0.0370525 0.0271216 0.0126367 0 0.0480257 -0.00230366 0.0176624 0.00395898 0.0100605 -0.00919676 -0.00336946 0.00354763 -0.0134866 -0.0158855 -0.0308421 0 -0.0309747 -0.0208768 0.0108029 -0.00402034 -0.0334538 -0.0188205 0
internal_weight=2828.84 1491.62 1337.22 517.762 819.462 744.728 435.997 445.148 129.301 308.73 498.371 315.847 257.824 144.255 240.548 113.569 74.7344 155.941 72.6138 993.248 84.6067 989.348 244.248 40.643 34.0914 745.1 59.0036 13.6102
internal_count=593629 539578 54051 37024 17027 8103 5284 14680 5597 2819 91234 9083 37680 16712 53554 20968 8924 36903 22344 448344 16651 446621 87260 3842 5082 359361 19803 2541
is_linear=0
shrinkage=0.0873782


Tree=5
num_leaves=32
num_cat=0
split_feature=0 8 22 8 30 24 26 22 10 25 40 31 17 14 41 8 41 8 14 22 10 28 43 2 41 2 43 38 25 26 14
split_gain=130.525 32.5841 20.875 12.3171 5.02876 4.83265 4.2252 3.88645 4.23037 2.65212 2.6003 2.38943 1.90871 1.68915 1.60908 1.34365 1.26333 1.01791 0.873712 0.849383 0.9566 0.462747 0.422098 0.379898 0.375222 0.203624 0.159678 0.157473 0.0804609 0.0774436 0.0391679
threshold=0.01960830204188824 0.49800689518451696 15.379117488861086 0.38671015202999121 2216.717163085938 -0.0032123344717547293 -0.011123538482934235 7.9737546443939218 0.35467991232872015 0.014515304937958719 1.0000000180025095e-35 -0.00034547469113022084 33.360738754272468 0.075055804103612914 -0.54982033371925343 0.3075642734766007 -0.26780322194099421 1.5731834769248965 0.24190848320722583 4.6031842231750497 0.29138793051242834 -3.4067723751068111 0.86692604422569286 -0.041237132623791688 0.75577428936958324 -0.084323640912771211 0.99649277329444896 -0.069345384836196886 0.020939703099429611 -0.028400475159287449 0.17857143282890323
decision_type=2 2 2 2 2 2 2 2 2 2 2 2 2 2 2 2 2 2 2 2 2 2 2 2 2 2 2 2 2 2 2
left_child=3 6 7 15 9 13 19 8 -3 11 -9 -5 29 -6 -7 23 18 -14 -17 20 -2 -18 27 30 -25 -24 -21 -8 -11 -4 -1
right_child=1 2 12 4 5 14 22 10 -10 28 -12 -13 17 -15 -16 16 21 -19 -20 26 -22 -23 25 24 -26 -27 -28 -29 -30 -31 -32
leaf_value=0 0.0092267277151657483 0.020381254664253032 0.0039589811102316635 0.0006387477210028946 0 -0.015703773279468754 0 -0.010792998681734388 0.0034238907795165717 -0.0034827016477366854 0.0058599387206344613 0.042069911770957584 -0.027046826407494784 0.027294796536129349 0.0071342464828532282 -4.6607749163502646e-05 -0.010822097203653487 0 0.019455757531342356 -0.013248368126814387 -0.0067885848101569756 0.0028985142966634083 0 -0.014156664570922246 0 -0.013104160725985595 0 -0.02723895365451286 0.0031272934426602641 -0.00187275072266428 0.0033332374124570097
leaf_weight=2.3731634943978852 26.296228327963036 191.87748810049379 8.2241025115363318 17.044057388848159 22.873841299035121 18.064464907976799 0.82229058735538174 117.53069589793449 300.76586953652441 4.4441913181217361 119.55634110758547 398.06466324994108 183.38085626825341 220.31462254334474 31.272392940940335 10.231751999352126 12.622225251747297 15.204112476960288 33.307847610034514 77.59212015895173 47.542983450635802 7.8784722971031433 1.9225112011190493 31.395554808375891 4.2331639423500738 100.32949238439323 0.98497124866116692 718.39319793495815 8.236947703291662 12.055870548821984 5.0136867584660649
leaf_count=578 3176 12114 1505 918 930 297 248 21987 28794 198 15094 4259 70235 3868 516 1095 621 3570 1031 28256 9281 349 539 5679 671 43309 198 329429 257 3663 370
internal_value=0.00016274 -0.0122821 -0.000562883 0.0287774 0.0327763 0.0204066 -0.0233254 0.00651068 0.0108243 0.0395895 -0.00219405 0.0407326 -0.0230415 0.025141 -0.0019728 3.85431e-05 0.00788461 -0.0254134 0.0147449 -0.00748223 0 -0.00423512 -0.0258665 -0.00870222 -0.0116563 -0.0125115 -0.0127148 -0.027194 0 0 0
internal_weight=2749.85 1922.48 948.595 827.371 720.315 292.525 973.884 729.73 492.643 427.79 237.087 415.109 218.865 243.188 49.3369 107.056 64.0403 198.585 43.5396 152.416 73.8392 20.5007 821.467 43.0156 35.6287 102.252 78.5771 719.215 12.6811 20.28 7.38685
internal_count=593035 571398 156962 21637 11243 5611 414436 77989 40908 5632 37081 5177 78973 4798 813 10394 3096 73805 2126 40911 12457 970 373525 7298 6350 43848 28454 329677 455 5168 948
is_linear=0
shrinkage=0.0873782


Tree=6
num_leaves=29
num_cat=0
split_feature=23 27 18 18 21 24 40 3 17 17 12 26 29 14 27 17 26 23 36 17 18 26 27 17 28 24 33 18
split_gain=115.302 29.2208 13.1067 6.46932 5.38855 4.34898 3.9738 3.5131 2.27703 2.25452 2.11424 2.00983 2.17285 1.99851 1.78623 1.727 1.60943 1.27013 0.89851 0.883525 0.812385 0.729753 0.626314 0.562277 0.377723 0.327962 0.087493 0.0663644
threshold=0.00054660244495607923 -0.02044593263417482 -0.51458388566970814 -0.15850251168012616 48.173448562622077 -0.030047354288399216 0.47718898952007299 -0.080091193318366991 50.515554428100593 24.881388664245609 28.194999694824222 -0.011959434021264313 -4.7255244255065909 0.29603794217109686 -0.046872884035110467 43.381748199462898 -0.018734158016741272 0.062666501849889769 0.033936303108930595 48.83600044250489 -0.72679030895233143 0.016853362321853641 -0.02374758385121822 49.801780700683601 -3.9478430747985835 0.0085488022305071371 -0.010230920277535914 -0.12515536695718762
decision_type=2 2 2 2 2 2 2 2 2 2 2 2 2 2 2 2 2 2 2 2 2 2 2 2 2 2 2 2
left_child=3 11 10 4 6 21 8 9 -1 -6 15 12 24 -9 -14 -3 -7 19 22 -13 -12 -4 -5 -19 -2 -24 27 -20
right_child=1 2 5 18 7 16 -8 13 -10 -11 20 17 14 -15 -16 -17 -18 23 26 -21 -22 -23 25 -25 -26 -27 -28 -29
leaf_value=0.0467686368547299 -0.013882243191841521 -0.0049452870343752123 -0.0070612596011659012 0.0067481215927207919 0 -0.001621534944397994 0 0.0163388836608813 0.017485165377749162 0.036380725127064487 0.001162992572006222 -0.0009791594767439688 0.014227743588811285 0 0.0002936989005223519 0.013154943149397164 -0.024534922347574751 0 0 0.012269360625355498 -0.013144772760416935 0.0059174237191019444 -0.0092541501266784308 -0.013399791672442091 0 0.0015259853016966883 0 0.015563452464270926
leaf_weight=243.32867596368305 17.19511568360031 36.017513598664664 79.775095019431319 12.319789537461473 13.839374709641559 37.631790431332774 18.075188246089965 175.53131101798499 76.401254201075062 103.95007211656775 23.807982603437267 75.625589790783124 243.04174973157933 67.571624219766818 118.88365658256225 97.926907870802097 977.46373024495551 42.600381068186834 4.4249764162814289 34.10887357807951 56.225653031258844 21.449777097499464 48.169504773744848 50.152050894044805 3.099073633668012 1.6640543227549631 3.5338734078686675 13.149995666346513
leaf_count=2293 1061 3664 26046 175 320 9445 224 5552 1105 1156 4663 13107 16447 1088 17168 8587 436255 8249 142 2249 16388 3430 4536 8956 251 79 166 381
internal_value=0.000198502 -0.0113092 -0.0183915 0.028055 0.0307487 -0.0221267 0.0395435 0.0204436 0.0416561 0.0326987 0.000883415 0.0047087 0.00833389 0.0118874 0.0102093 0.0075856 -0.0238415 -0.00179974 0.00273005 0.00367677 -0.00849639 -0.00287275 -0.00197619 -0.00868317 -0.0104985 -0.00703649 0.0130418 0.0142209
internal_weight=2696.96 1915 1330.3 781.96 698.698 1116.32 337.805 360.892 319.73 117.789 213.978 584.706 382.22 243.103 361.925 133.944 1015.1 202.487 83.2622 109.734 80.0336 101.225 62.1533 92.7524 20.2942 49.8336 21.1088 17.575
internal_count=593183 575966 508478 17217 11738 475176 3622 8116 3398 1476 33302 67488 34927 6640 33615 12251 445700 32561 5479 15356 21051 29476 4790 17205 1312 4615 689 523
is_linear=0
shrinkage=0.0873782


Tree=7
num_leaves=31
num_cat=0
split_feature=42 23 27 2 36 24 41 24 12 28 39 27 34 37 11 15 35 5 24 41 27 35 28 9 12 12 12 30 26 37
split_gain=104.843 18.9673 6.83433 6.60753 6.19765 4.61761 4.10838 3.57299 3.43437 2.79651 2.79621 2.01234 1.58555 1.48742 1.3125 1.25473 1.15751 1.02476 0.936101 0.915335 0.867864 0.732965 0.561208 0.535647 0.334689 0.146019 0.138685 0.125281 0.108029 0.0948449
threshold=0.07900614291429521 0.0011673707049340012 -0.013641288969665764 -0.072251975536346422 -0.067431438714265809 -0.013302701059728859 0.901604324579239 -0.0052207449916750184 20.960000038146976 -7.9006278514862052 -0.92578715085983265 0.0034140755888074641 0.35607206821441656 0.30256997048854833 1.2077071070671084 -0.11850243806838988 -0.019832516089081761 -0.088374249637126909 0.29125621914863592 -1.3985863924026487 0.011825660243630411 -0.069719105958938585 -8.2227206230163556 9.8549098968505877 16.875000000000004 36.164999008178718 18.605000495910648 2083.270629882813 -0.0055577135644853106 0.1301391273736954
decision_type=2 2 2 2 2 2 2 2 2 2 2 2 2 2 2 2 2 2 2 2 2 2 2 2 2 2 2 2 2 2
left_child=1 2 6 15 14 11 10 -7 17 12 -1 -4 -6 28 19 25 -11 26 -15 -3 -19 24 -8 -23 -17 -2 -5 -16 -10 -27
right_child=3 4 5 8 9 7 22 -9 13 16 -12 -13 -14 18 27 21 -18 20 -20 -21 -22 23 -24 -25 -26 29 -28 -29 -30 -31
leaf_value=0.023997968582968116 0 0 0.0068287262348969667 0.0046850148336284028 -0.0033843358702788716 -0.013100658324857697 0.0078647293483436291 0.011519869892219023 0.0031846512039468752 0.0023526324298775029 0.045546550938841655 0.030742612481345105 0.010036647274329511 -0.025118489395914937 -0.0049238958204353275 0.0029794538112966769 -0.011708511042940963 -0.015495301349390428 0 0.024659110064428103 -0.0033837566591231392 0.012495343857752491 -0.0062872978140733711 0 -0.0082261372758027865 0 -0.0023995951394609407 0.0026826676179689986 -0.0037701835821148263 -0.012614330374549823
leaf_weight=253.77276297408389 0.60395608050748961 8.0345951871713606 74.987033026409335 18.198296251706783 80.868720756145194 56.136827311012894 28.929535140865482 83.023892724071629 7.7422780437627834 35.767355050251354 179.06849839584902 88.562391716986895 149.63285390206147 628.02728764974745 9.7159950007917342 4.7040182626806226 152.66794744812069 414.94615329033695 5.4037211703835046 98.732672692276537 93.489412069669925 58.716939662990626 10.283499629120341 24.185897245595697 20.747208999644499 0.38376656203763815 9.2327845572726783 4.4914715760387471 14.972302688576745 28.063782442535739
leaf_count=2834 147 209 3207 1499 4623 2390 283 2767 1662 4259 1861 1943 8600 275543 405 125 34606 180488 1398 2966 28576 7908 130 4877 2215 90 1212 202 5383 11263
internal_value=-0.000146218 0.0171664 0.0257745 -0.0173474 0.00409899 0.0134058 0.0325419 0.000488308 -0.0194049 -0.000967997 0.0349139 0.0224604 0.00501617 -0.0240309 0.0198585 4.00732e-05 -0.00856032 -0.0128263 -0.0247958 0.022711 -0.0137031 0.00516021 0.00146759 0.0090045 -0.00346 -0.010952 0.000110168 0 0 -0.0119802
internal_weight=2644.09 1314.68 774.764 1329.42 539.912 302.71 472.054 139.161 1192.01 418.937 432.841 163.549 230.502 656.146 120.975 137.406 188.435 535.867 633.431 106.767 508.436 108.354 39.213 82.9028 25.4512 29.0515 27.4311 14.2075 22.7146 28.4475
internal_count=593671 71285 15415 522386 55870 10307 5108 5157 495761 52088 4695 5150 13223 283986 3782 26625 38865 211775 276941 3175 209064 15125 413 12785 2340 11500 2711 607 7045 11353
is_linear=0
shrinkage=0.0873782


Tree=8
num_leaves=27
num_cat=0
split_feature=22 44 1 35 13 25 1 36 1 21 22 44 5 29 40 18 5 3 3 37 15 18 31 8 11 29
split_gain=65.4833 35.8529 6.62658 5.70018 4.07089 3.49743 2.89243 2.53535 2.49187 2.30304 2.13707 2.09164 1.73675 1.65895 1.59077 1.5817 1.41968 1.28583 0.752523 0.580789 0.504564 0.326103 0.311433 0.304382 0.252094 0.0433457
threshold=0.50510060787200939 0.82819578051567089 -0.076923016458749757 -0.034765839576721184 -0.025449738837778565 -0.000520366069395095 -0.022875636816024777 -0.09733321517705916 -0.011235967744141815 54.656414031982429 17.053055763244632 0.56233763694763195 -0.015471773222088812 0.75750762224197399 -1.5386975407600401 -0.44068102538585657 0.041978310793638236 -0.05760988034307956 -0.14452153444290158 0.1301391273736954 0.20824914425611499 -0.7704261541366576 0.011623493395745756 1.2351812720298769 -1.9599152207374571 -0.69230782985687245
decision_type=2 2 2 2 2 2 2 2 2 2 2 2 2 2 2 2 2 2 2 2 2 2 2 2 2 2
left_child=2 11 7 10 9 13 14 23 -7 17 16 20 -11 -6 -5 -8 -3 -4 25 -20 21 -2 -12 -1 -9 -13
right_child=1 3 4 6 5 8 15 24 -10 12 22 18 -14 -15 -16 -17 -18 -19 19 -21 -22 -23 -24 -25 -26 -27
leaf_value=-0.0031021613665757094 0 0.021489606939211217 -0.02014645211893976 -0.0067854509762519414 0.034491624639909971 0.016288265331130529 0 0.0020149055861968523 0.00037423812361250352 0.015179710375166109 0.0019806529221647073 0 -0.0095832594150243589 0 0.0095542300814538822 -0.01131043691310751 -0.00050005336989300227 0 0.00085783811415245321 -0.014968120839948128 0 -0.024849592715263252 -0.0087259874283078954 0.0079446048088466972 0.044085302626569525 0.0031896874788882789
leaf_weight=9.0693810306256655 2.2479429180384605 154.33011223535868 24.896996119408868 32.542381898616441 104.28560787893366 320.71959890797734 176.08633092974196 8.8199198601068911 115.64358999941032 60.598776912549511 8.660651371348651 2.2997064806404532 7.0177468009642316 17.672107197227888 199.09277736200602 164.10875910616596 13.794565834628882 30.154484909959137 2.7977918859105548 392.70288382962462 2.7297410608734927 626.71005902436445 13.871649234264622 11.664325212710535 93.888199850451201 10.643376087478824
leaf_count=180 610 8618 367 2321 1344 8634 17393 167 4518 2995 2029 369 650 283 15568 44638 1472 1380 764 149046 1319 322479 4681 141 1211 1006
internal_value=-0.00116072 -0.010432 0.0192104 0.00380455 0.0146844 0.0177423 -0.000535574 0.037462 0.0125253 0 0.0160424 -0.020833 0.00969038 0.0309109 0.00644592 -0.00568906 0.0192688 -0.0109207 -0.013865 -0.0145589 -0.024558 -0.0247294 -0.00323853 0.00147454 0.0423262 7.13354e-05
internal_weight=2607.05 1802.62 804.431 762.487 680.989 558.321 571.83 123.442 436.363 122.668 190.657 1040.13 67.6165 121.958 231.635 340.195 168.125 55.0515 408.444 395.501 631.688 628.958 22.5323 20.7337 102.708 12.9431
internal_count=594183 572313 21870 96720 20171 14779 79920 1699 13152 5392 16800 475593 3645 1627 17889 62031 10090 1747 151185 149810 324408 323089 6710 321 1378 1375
is_linear=0
shrinkage=0.0873782


end of trees

feature_importances:
Column_44=20
Column_18=14
Column_22=14
Column_10=13
Column_24=12
Column_42=11
Column_8=9
Column_28=8
Column_30=8
Column_3=7
Column_14=7
Column_19=7
Column_26=7
Column_27=7
Column_17=6
Column_25=6
Column_31=6
Column_33=6
Column_41=6
Column_43=6
Column_2=5
Column_12=5
Column_21=5
Column_23=5
Column_37=5
Column_1=4
Column_5=4
Column_9=4
Column_11=4
Column_16=4
Column_35=4
Column_36=4
Column_40=4
Column_0=3
Column_15=3
Column_29=3
Column_38=3
Column_39=3
Column_6=2
Column_13=2
Column_20=2
Column_32=1
Column_34=1

parameters:
[boosting: gbdt]
[objective: lambdarank]
[metric: ndcg]
[tree_learner: serial]
[device_type: cpu]
[data_sample_strategy: bagging]
[data: ]
[valid: ]
[num_iterations: 130]
[learning_rate: 0.0873782]
[num_leaves: 39]
[num_threads: 15]
[seed: 0]
[deterministic: 0]
[force_col_wise: 0]
[force_row_wise: 0]
[histogram_pool_size: -1]
[max_depth: 5]
[min_data_in_leaf: 112]
[min_sum_hessian_in_leaf: 0.001]
[bagging_fraction: 0.414044]
[pos_bagging_fraction: 1]
[neg_bagging_fraction: 1]
[bagging_freq: 1]
[bagging_seed: 6]
[bagging_by_query: 0]
[feature_fraction: 0.530368]
[feature_fraction_bynode: 1]
[feature_fraction_seed: 6]
[extra_trees: 0]
[extra_seed: 6]
[early_stopping_round: 0]
[early_stopping_min_delta: 0]
[first_metric_only: 0]
[max_delta_step: 0]
[lambda_l1: 1.23285]
[lambda_l2: 21.9019]
[linear_lambda: 0]
[min_gain_to_split: 0]
[drop_rate: 0.1]
[max_drop: 50]
[skip_drop: 0.5]
[xgboost_dart_mode: 0]
[uniform_drop: 0]
[drop_seed: 4]
[top_rate: 0.2]
[other_rate: 0.1]
[min_data_per_group: 100]
[max_cat_threshold: 32]
[cat_l2: 10]
[cat_smooth: 10]
[max_cat_to_onehot: 4]
[top_k: 20]
[monotone_constraints: ]
[monotone_constraints_method: basic]
[monotone_penalty: 0]
[feature_contri: ]
[forcedsplits_filename: ]
[refit_decay_rate: 0.9]
[cegb_tradeoff: 1]
[cegb_penalty_split: 0]
[cegb_penalty_feature_lazy: ]
[cegb_penalty_feature_coupled: ]
[path_smooth: 0]
[interaction_constraints: ]
[verbosity: -1]
[saved_feature_importance_type: 0]
[use_quantized_grad: 0]
[num_grad_quant_bins: 4]
[quant_train_renew_leaf: 0]
[stochastic_rounding: 1]
[linear_tree: 0]
[max_bin: 255]
[max_bin_by_feature: ]
[min_data_in_bin: 3]
[bin_construct_sample_cnt: 200000]
[data_random_seed: 6]
[is_enable_sparse: 1]
[enable_bundle: 1]
[use_missing: 1]
[zero_as_missing: 0]
[feature_pre_filter: 1]
[pre_partition: 0]
[two_round: 0]
[header: 0]
[label_column: ]
[weight_column: ]
[group_column: ]
[ignore_column: ]
[categorical_feature: ]
[forcedbins_filename: ]
[precise_float_parser: 0]
[parser_config_file: ]
[objective_seed: 5]
[num_class: 1]
[is_unbalance: 0]
[scale_pos_weight: 1]
[sigmoid: 1]
[boost_from_average: 1]
[reg_sqrt: 0]
[alpha: 0.9]
[fair_c: 1]
[poisson_max_delta_step: 0.7]
[tweedie_variance_power: 1.5]
[lambdarank_truncation_level: 30]
[lambdarank_norm: 1]
[label_gain: ]
[lambdarank_position_bias_regularization: 0]
[eval_at: 1,3]
[multi_error_top_k: 1]
[auc_mu_weights: ]
[num_machines: 1]
[local_listen_port: 12400]
[time_out: 120]
[machine_list_filename: ]
[machines: ]
[gpu_platform_id: -1]
[gpu_device_id: -1]
[gpu_use_dp: 0]
[num_gpu: 1]

end of parameters

pandas_categorical:null
