tree
version=v4
num_class=1
num_tree_per_iteration=1
label_index=0
max_feature_idx=44
objective=lambdarank
feature_names=Column_0 Column_1 Column_2 Column_3 Column_4 Column_5 Column_6 Column_7 Column_8 Column_9 Column_10 Column_11 Column_12 Column_13 Column_14 Column_15 Column_16 Column_17 Column_18 Column_19 Column_20 Column_21 Column_22 Column_23 Column_24 Column_25 Column_26 Column_27 Column_28 Column_29 Column_30 Column_31 Column_32 Column_33 Column_34 Column_35 Column_36 Column_37 Column_38 Column_39 Column_40 Column_41 Column_42 Column_43 Column_44
feature_infos=[-2.525764834912167e-14:1] [-0.65856164693832397:4.5573773384094238] [-0.88611066341400146:4.4240002632141113] [-0.88024389743804932:4.8892936706542969] [-90.938346862792969:80.677764892578125] [-0.85358166694641113:3.8822641372680664] [0:19.78227424621582] [0:1] [0:51.360160827636719] [0:12.648478507995605] [0:1] [-4.2468791007995605:4.2435817718505859] [11.859999656677246:52.330001831054688] [-0.11496144533157349:0.082843028008937836] [0.01953125:0.8883928656578064] [-0.16634099185466766:0.17699705064296722] [-0.86912596225738525:4.9010987281799316] [0:99.999824523925781] [-0.98768937587738037:1.3926902483865405e-16] [-1.4952281288658532e-14:8.282902717590332] [-0.50071084499359131:0.95953774452209473] [33.466995239257812:84.1339111328125] [-5.059106887757292e-13:44.729091644287109] [-1.8492206464021388e-14:0.8883928656578064] [-9.8735485076904297:89.839996337890625] [-0.067684851586818695:0.052733030170202255] [-0.47715839743614197:2.9376955032348633] [-3.7919607162475586:76.640792846679688] [-46.310661315917969:2.1168890716684232e-15] [-62.891670227050781:83.596351623535156] [0:6953.47998046875] [-0.10990441590547562:0.94938403367996216] [-14.00506591796875:8.7446956634521484] [-0.98295456171035767:3.5562552559018692e-17] [-1.1122708961817333e-14:1] [-0.61129945516586304:1.5628931522369385] [-0.87282723188400269:7.4196786880493164] [0:19.465339660644531] [-0.42105263471603394:0.73113209009170532] [-1.7888543605804443:1.7888543605804443] [-1.7888543605804443:1.7888543605804443] [-1.7888543605804443:1.7888543605804443] [0:1] [0:1] [0:1]
tree_sizes=3557 3612

Tree=0
num_leaves=32
num_cat=0
split_feature=18 43 27 27 37 26 38 10 22 35 30 29 16 33 39 16 27 10 18 23 32 27 10 10 14 30 39 30 27 10 18
split_gain=18.4836 5.85728 4.71963 4.39727 2.26246 2.17716 1.86686 1.67535 1.5518 1.43689 1.43096 1.36926 1.05813 0.951484 0.853222 0.781885 1.20084 0.780324 0.75638 0.660764 0.575945 0.502097 0.445066 0.428829 0.363145 0.407615 0.197227 0.178563 0.170482 0.16337 0.00233877
threshold=-0.3281558603048324 0.76586377620697033 -0.011980225797742603 0.0097978953272104281 0.82746541500091564 0.022886950522661213 -0.037965862080454819 0.39618341624736791 23.713994026184086 -0.04030929505825042 1359.395690917969 0.35998739302158361 0.05946194380521775 -0.32311472296714777 0.56463444232940685 -0.066630620509386049 -0.0024074700195342298 0.76563847064971935 -0.066230472177267061 0.14006706327199939 -0.20982738584280011 -0.014116236474364994 0.242389090359211 0.34078052639961248 0.13867187500000003 1574.1519165039065 1.1190453767776491 2059.0712890625005 0.058920448645949371 0.84309199452400219 -0.72795051336288441
decision_type=2 2 2 2 2 2 2 2 2 2 2 2 2 2 2 2 2 2 2 2 2 2 2 2 2 2 2 2 2 2 2
left_child=4 2 11 6 7 15 -4 24 9 20 -11 18 -5 26 -15 22 -17 19 -2 -7 -6 27 -3 -13 30 -26 -9 -10 -23 -19 -1
right_child=1 5 3 12 8 17 -8 13 21 10 -12 23 -14 14 -16 16 -18 29 -20 -21 -22 28 -24 -25 25 -27 -28 -29 -30 -31 -32
leaf_value=0 0.011315552280878089 0.00061301299234529016 0.0086749935333239239 0.0060828605116658285 0.0092157255439886902 0 -0.012701673205142325 0.010081655748301586 0.0094113435753125623 0 0.024866108742736513 0.0015471429660207784 -0.0044918030009556574 -0.012054483865617518 0.0025004100651484481 0.007992212244978222 -0.0029340299470268349 -0.004569533753035716 -0.0036521474908649196 0.018350348629598872 -0.0045201395790446259 -0.012161198962291501 -0.012535282231296224 -0.01037066582644243 0 0.015065789411331427 0 0 0 0.0038189811814067793 -0.00084455273182347198
leaf_weight=0.8905177536071277 127.54018214004464 5.8909788388555162 11.744029136170864 125.95213424596295 21.960908468201524 11.761412214633308 894.00507876231859 22.559550548656265 3.3216297190811011 12.583754823630441 220.01884898783464 10.457417361321857 113.67934090754716 51.93958215173916 24.612346449925099 115.29634576963144 138.40675201475096 11.357006812322654 8.2528905843209923 83.712068169319537 19.884080560645089 7.2699995341827144 31.441374988426105 26.669394628639566 7.323042254371102 91.220981194957858 3.4920340820390257 2.1337356048752554 1.6434326011221854 16.004596347687766 3.1326023316651108
leaf_count=335 47734 2354 3979 49010 7640 4614 385045 8307 850 4223 72844 4713 42961 19067 9207 47249 58160 3726 3614 30911 6244 2804 11458 10653 2772 32741 1336 891 554 7684 1203
internal_value=-0.000153067 -0.00447452 -0.00732452 -0.00937526 0.014338 0.00426825 -0.0121101 0.0056527 0.0193278 0.0207723 0.0233414 0.00523306 0.000698369 -0.0014316 -0.00676552 0 0.00188111 0.0130268 0.00934187 0.0161249 0.00168831 -0.00117514 -0.00918238 -0.00586033 0.0126099 0.0136872 0.00792695 0.00564191 -0.00988777 0 0
internal_weight=2226.16 1732.17 1318.3 1145.38 493.987 413.871 905.749 205.171 288.816 274.448 232.603 172.92 239.631 102.604 76.5519 291.035 253.703 122.835 135.793 95.4735 41.845 14.3688 37.3324 37.1268 102.567 98.544 26.0516 5.45537 8.91343 27.3616 4.02312
internal_count=884883 713865 547709 480995 171018 166156 389024 74968 96050 90951 77067 66714 91971 37917 28274 119221 105409 46935 51348 35525 13884 5099 13812 15366 37051 35513 9643 1741 3358 11410 1538
is_linear=0
shrinkage=0.0873782


Tree=1
num_leaves=32
num_cat=0
split_feature=44 43 43 40 18 28 10 18 3 35 38 21 25 22 12 10 24 18 40 44 29 35 29 10 18 38 35 32 4 32 33
split_gain=55.216 8.81045 5.93663 5.54668 5.50092 5.0678 5.04072 4.84265 4.47041 4.1512 4.53687 4.03866 4.14172 3.83931 2.71849 2.35929 2.03084 1.51738 1.28458 1.26653 1.16851 1.10211 1.01973 0.965777 0.869245 0.825107 0.711894 0.872941 0.565493 0.521846 0.0458282
threshold=0.66320341825485241 0.80076417326927196 0.7500700354576112 -0.083873439580202089 -0.35937719047069544 -10.405817508697508 0.50140845775604259 -0.38223125040531153 0.0017593196243979039 -0.030110018327832219 0.059347076341509826 45.318744659423835 -7.7850003435742096e-05 11.198324680328371 13.34500026702881 0.43464632332324987 -0.013996158726513384 -0.33930504322051996 0.25727303326129919 0.54196009039878856 0.42675329744815832 -0.037335269153118127 -0.017516664229333397 0.12751876562833789 -0.39813682436943049 0.036348126828670509 -0.013198446948081253 0.062737420201301589 -5.6391525268554679 3.169342160224915 -0.13141527026891706
decision_type=2 2 2 2 2 2 2 2 2 2 2 2 2 2 2 2 2 2 2 2 2 2 2 2 2 2 2 2 2 2 2
left_child=2 3 16 11 9 8 -7 13 -5 20 -11 15 -13 14 -4 -2 19 18 -6 22 -3 30 -1 -15 -21 -23 27 -9 -19 -28 -18
right_child=1 4 7 5 17 6 -8 26 -10 10 -12 12 -14 23 -16 -17 21 28 -20 24 -22 25 -24 -25 -26 -27 29 -29 -30 -31 -32
leaf_value=-0.015591927118703218 0.0079745171181841833 0.0075700081655690199 -0.0081836346575050577 0.020051976368178862 0.0021633940858875331 -0.012131818191623922 0.0044514110021208926 -0.0066054152824353875 -0.0045320093854467726 0.029225863624423993 0 0.0013010501816592961 0.019276250488495999 0.0054661908551225371 0.025873303650410941 -0.0088359199781315612 -0.00058934112253116681 0 -0.019932223006782549 0.012085656654431268 -0.012525825803091199 -0.019284747976189318 0 -0.014050200247490555 -0.0034924422403436314 0 -0.011772508868367755 0.0084375347731094757 0.01138898315376264 0 0.003350451803759179
leaf_weight=71.292976045748219 116.51174073285074 27.805029747862136 6.1050162576138964 123.93539613657049 20.806712429446634 289.64825536496937 225.89685299219855 55.992841489540297 71.207850562233943 337.53726111561991 51.431808083783835 152.60312094877008 370.41807928285562 6.4459160956030237 64.70325747091556 96.075188192800852 6.663093019189545 41.171596311221947 14.256048616516635 22.199424834660022 16.805747930746293 807.44671871505852 28.640854143508477 30.311934050230775 38.890503071059356 16.658554964116774 282.67146253591636 24.027811502281111 70.918982680304907 12.750876421516294 8.3839409627835249
leaf_count=28918 15398 3974 215 14236 1083 48465 49312 20055 8025 14957 2031 22930 58127 467 3738 17948 2394 15734 785 1961 2649 377839 10546 2287 11655 4431 106281 7776 22014 4420 3487
internal_value=-0.000100302 0.00920427 -0.0128371 0.00530194 0.0181982 -9.08276e-05 -0.0047798 -0.00431158 0.0110329 0.0229872 0.0257473 0.0105062 0.0144924 0.0102356 0.0205354 0 -0.0166682 0.00230041 -0.00913879 -0.00560529 -1.26134e-05 -0.0184694 -0.0110479 -0.00802826 0.00256598 -0.0188979 -0.00908497 -0.000189056 0.00759154 -0.0109758 0
internal_weight=3510.21 2027.03 1483.19 1446.3 580.733 710.688 515.545 483.009 195.143 433.58 388.969 735.608 523.021 107.566 70.8083 212.587 1000.18 147.153 35.0628 161.024 44.6108 839.152 99.9338 36.7579 61.0899 824.105 375.443 80.0207 112.091 295.422 15.047
internal_count=884138 297668 586470 234441 63227 120038 97777 145239 22261 23611 16988 114403 81057 6707 3953 33346 441231 39616 1868 53080 6623 388151 39464 2754 13616 382270 138532 27831 37748 110701 5881
is_linear=0
shrinkage=0.0873782


end of trees

feature_importances:
Column_10=8
Column_18=7
Column_27=5
Column_35=4
Column_29=3
Column_30=3
Column_32=3
Column_38=3
Column_43=3
Column_16=2
Column_22=2
Column_33=2
Column_39=2
Column_40=2
Column_44=2
Column_3=1
Column_4=1
Column_12=1
Column_14=1
Column_21=1
Column_23=1
Column_24=1
Column_25=1
Column_26=1
Column_28=1
Column_37=1

parameters:
[boosting: gbdt]
[objective: lambdarank]
[metric: ndcg]
[tree_learner: serial]
[device_type: cpu]
[data_sample_strategy: bagging]
[data: ]
[valid: ]
[num_iterations: 130]
[learning_rate: 0.0873782]
[num_leaves: 39]
[num_threads: 15]
[seed: 0]
[deterministic: 0]
[force_col_wise: 0]
[force_row_wise: 0]
[histogram_pool_size: -1]
[max_depth: 5]
[min_data_in_leaf: 112]
[min_sum_hessian_in_leaf: 0.001]
[bagging_fraction: 0.414044]
[pos_bagging_fraction: 1]
[neg_bagging_fraction: 1]
[bagging_freq: 1]
[bagging_seed: 6]
[bagging_by_query: 0]
[feature_fraction: 0.530368]
[feature_fraction_bynode: 1]
[feature_fraction_seed: 6]
[extra_trees: 0]
[extra_seed: 6]
[early_stopping_round: 0]
[early_stopping_min_delta: 0]
[first_metric_only: 0]
[max_delta_step: 0]
[lambda_l1: 1.23285]
[lambda_l2: 21.9019]
[linear_lambda: 0]
[min_gain_to_split: 0]
[drop_rate: 0.1]
[max_drop: 50]
[skip_drop: 0.5]
[xgboost_dart_mode: 0]
[uniform_drop: 0]
[drop_seed: 4]
[top_rate: 0.2]
[other_rate: 0.1]
[min_data_per_group: 100]
[max_cat_threshold: 32]
[cat_l2: 10]
[cat_smooth: 10]
[max_cat_to_onehot: 4]
[top_k: 20]
[monotone_constraints: ]
[monotone_constraints_method: basic]
[monotone_penalty: 0]
[feature_contri: ]
[forcedsplits_filename: ]
[refit_decay_rate: 0.9]
[cegb_tradeoff: 1]
[cegb_penalty_split: 0]
[cegb_penalty_feature_lazy: ]
[cegb_penalty_feature_coupled: ]
[path_smooth: 0]
[interaction_constraints: ]
[verbosity: -1]
[saved_feature_importance_type: 0]
[use_quantized_grad: 0]
[num_grad_quant_bins: 4]
[quant_train_renew_leaf: 0]
[stochastic_rounding: 1]
[linear_tree: 0]
[max_bin: 255]
[max_bin_by_feature: ]
[min_data_in_bin: 3]
[bin_construct_sample_cnt: 200000]
[data_random_seed: 6]
[is_enable_sparse: 1]
[enable_bundle: 1]
[use_missing: 1]
[zero_as_missing: 0]
[feature_pre_filter: 1]
[pre_partition: 0]
[two_round: 0]
[header: 0]
[label_column: ]
[weight_column: ]
[group_column: ]
[ignore_column: ]
[categorical_feature: ]
[forcedbins_filename: ]
[precise_float_parser: 0]
[parser_config_file: ]
[objective_seed: 5]
[num_class: 1]
[is_unbalance: 0]
[scale_pos_weight: 1]
[sigmoid: 1]
[boost_from_average: 1]
[reg_sqrt: 0]
[alpha: 0.9]
[fair_c: 1]
[poisson_max_delta_step: 0.7]
[tweedie_variance_power: 1.5]
[lambdarank_truncation_level: 30]
[lambdarank_norm: 1]
[label_gain: ]
[lambdarank_position_bias_regularization: 0]
[eval_at: 1,3]
[multi_error_top_k: 1]
[auc_mu_weights: ]
[num_machines: 1]
[local_listen_port: 12400]
[time_out: 120]
[machine_list_filename: ]
[machines: ]
[gpu_platform_id: -1]
[gpu_device_id: -1]
[gpu_use_dp: 0]
[num_gpu: 1]

end of parameters

pandas_categorical:null
