tree
version=v4
num_class=1
num_tree_per_iteration=1
label_index=0
max_feature_idx=44
objective=lambdarank
feature_names=Column_0 Column_1 Column_2 Column_3 Column_4 Column_5 Column_6 Column_7 Column_8 Column_9 Column_10 Column_11 Column_12 Column_13 Column_14 Column_15 Column_16 Column_17 Column_18 Column_19 Column_20 Column_21 Column_22 Column_23 Column_24 Column_25 Column_26 Column_27 Column_28 Column_29 Column_30 Column_31 Column_32 Column_33 Column_34 Column_35 Column_36 Column_37 Column_38 Column_39 Column_40 Column_41 Column_42 Column_43 Column_44
feature_infos=[-1.162140316705168e-13:1] [-0.92941176891326904:1.25] [-0.92941176891326904:1.687999963760376] [-0.91935235261917114:2.905658483505249] [-92.520744323730469:84.269027709960938] [-0.94419640302658081:1.7597960233688354] [0:20] [0:1] [0:26.914485931396484] [0:12.575088500976562] [0:1] [-4.2485289573669434:4.2485289573669434] [9.8900003433227539:80.860000610351562] [-0.19793374836444855:0.19403535127639771] [0.0044642859138548374:0.5881696343421936] [-0.39048278331756592:0.21548044681549072] [-0.92941176891326904:2.9512209892272949] [0:100] [-0.9941176176071167:3.9238115714263779e-16] [-2.5900143168404791e-14:8.1059370040893555] [-0.5690157413482666:1.0342856645584106] [35.702156066894531:79.240158081054688] [-1.330650650430143e-12:79.129997253417969] [-3.9300058704300894e-14:0.5881696343421936] [-18.588235855102539:7.8406310081481934] [-0.087179556488990784:0.16688703000545502] [-0.44412147998809814:0.92016124725341797] [-3.0622820854187012:15.000861167907715] [-78.295310974121094:6.3645204388576137e-15] [-84.9705810546875:78.676467895507812] [0:6366.671875] [-0.12322425842285156:0.92219561338424683] [-24.643898010253906:18.537176132202148] [-0.9941176176071167:1.4974585624923429e-16] [-3.2673771457533696e-13:1] [-0.65753424167633057:2.0980393886566162] [-0.93529409170150757:2.1287128925323486] [0:20] [-0.50909090042114258:1.2277227640151978] [-1.7888543605804443:1.7888543605804443] [-1.7888543605804443:1.7888543605804443] [-1.7888543605804443:1.7888543605804443] [0:1] [0:1] [0:1]
tree_sizes=3546 3570 2764 3297 3130 3468 3192 3416 3502 3483 3337 3226 3308 3576 3504 3605 3019

Tree=0
num_leaves=32
num_cat=0
split_feature=27 43 22 18 24 39 20 35 35 35 22 30 22 14 23 31 32 26 41 24 30 14 14 29 14 26 3 7 32 31 29
split_gain=11.3686 7.93895 7.10843 4.0583 2.60627 3.23543 2.52086 2.15656 1.91401 1.35698 1.34382 1.22576 1.20784 1.10523 1.06263 0.994514 0.938047 0.713797 0.694301 0.640472 0.743456 0.573006 0.472009 0.527288 0.313279 0.217307 0.211576 0.235219 0.0531899 0.0415497 0.0168554
threshold=-0.010566887445747851 0.58251518011093151 8.0951495170593279 -0.50486367940902699 0.021177739836275581 -0.74364832043647755 -0.013816997408866881 -0.0080525591038167459 0.023462908342480663 -0.016515125520527359 26.749381065368656 2986.7519531250005 2.1501262187957768 0.47181919217109686 0.058401774615049369 0.027005704119801525 0.45323884487152105 0.013884139247238638 1.0000000180025095e-35 0.020544709637761119 2252.4421386718755 0.030970982275903228 0.082310270518064513 0.21263635158538821 0.22963169962167743 0.0052623867522925147 -0.12085495516657828 0.56784260272979747 -0.67172825336456288 0.061085432767868049 0.5662207603454591
decision_type=2 2 2 2 2 2 2 2 2 2 2 2 2 2 2 2 2 2 2 2 2 2 2 2 2 2 2 2 2 2 2
left_child=7 2 6 15 5 11 18 10 13 -8 17 -3 22 -6 -7 -4 -5 21 -2 20 -14 -1 30 -24 -21 -10 29 -28 -19 -12 -9
right_child=1 4 3 16 8 14 9 12 25 -11 26 -13 19 -15 -16 -17 -18 28 -20 24 -22 -23 23 -25 -26 -27 27 -29 -30 -31 -32
leaf_value=0 0.01239310974667898 0.013318017823531729 0.010513547484009806 -0.020321756661790948 0.018469916838004558 -0.015805852088467905 0.0081660445587973546 -0.0022867138194755409 0.0026139489737858775 -0.0065464733264009416 0.0062109148996975973 -0.0012905573822782023 -0.0073923972473381901 0 -0.0019656485293346646 -0.0066110989078868258 -0.0058944342757723108 0.0022595301999127899 0 0 0.0037494940100169659 0.021420682355643737 0.020093781129601068 0 0.013334728667731516 -0.0054899761105115293 6.9221679272882375e-05 -0.0089958972986246676 -0.0031025552483833368 0 0
leaf_weight=7.5083708765741894 95.806941007380374 124.15548857944668 41.593408100481611 352.02981869093492 133.95187418104615 38.241568559169536 31.35618015207001 2.7085980885894965 7.6494085963931857 287.91839239027468 4.0296434074989547 39.586815721471794 85.381641846790444 20.164437379164156 273.25366540934192 17.114342159155058 88.123850624804618 3.608541255176533 31.764255128480727 3.8944589518359889 47.629540715483017 203.11262544206693 28.10686380948755 9.3804071208578517 12.503368380246682 34.49580176899326 6.4783012924017411 11.808147026575169 6.7561973962001485 1.0751869022205935 0.82166220858925942
leaf_count=1758 25072 33252 9684 102428 33016 11237 7762 677 1913 80035 903 10060 22261 5027 76576 3919 23813 833 7971 1119 12764 47973 6739 2562 2888 9088 1927 3559 1673 221 154
internal_value=0.000144465 -0.00320194 -0.00831863 -0.0152576 0.00388396 2.38881e-05 0 0.0123836 0.0117964 -0.00435434 0.0176724 0.00947035 0.00396625 0.015941 -0.00491461 0.00374516 -0.0180827 0.019612 0.00924586 0 -0.00274122 0.0206207 0.0141298 0.0164985 0.00986321 -0.00194625 0 -0.0048164 0 0.00502925 0
internal_weight=2052.01 1617.21 945.707 498.861 671.499 475.238 446.846 434.804 196.262 319.275 244.377 163.742 190.427 154.116 311.495 58.7078 440.154 220.986 127.571 149.409 133.011 210.621 41.0175 37.4873 16.3978 42.1452 23.3913 18.2864 10.3647 5.10483 3.53026
internal_count=548864 440853 260684 139844 180169 131125 120840 108011 49044 87797 58847 43312 49164 38043 87813 13603 126241 52237 33043 39032 35025 49731 10132 9301 4007 11001 6610 5486 2506 1124 831
is_linear=0
shrinkage=0.0873782


Tree=1
num_leaves=32
num_cat=0
split_feature=3 44 44 2 3 43 2 9 43 43 22 42 42 42 32 2 42 28 2 38 24 43 33 18 4 25 3 32 44 10 35
split_gain=113.691 36.1854 21.2976 11.3267 8.29624 8.10598 7.16651 4.11708 3.9617 3.89099 3.74626 3.57553 3.45717 3.26537 2.84115 2.68327 2.35237 3.37806 2.31566 2.21746 1.9879 1.78191 1.52422 1.02969 1.01005 0.558657 0.503716 0.475658 0.307865 0.225212 0.190946
threshold=-0.028338027186691758 0.6302011013031007 0.72123685479164135 -0.050026640295982354 -0.055388923734426491 0.5671287775039674 -0.038315169513225548 10.318685531616213 0.76866352558135997 0.47350923717021948 0.28293493390083319 0.72892239689826976 0.05276381969451905 0.16890005767345431 -1.1970156431198118 -0.095702432096004472 0.48380793631076818 -5.6775023937225333 -0.046359350904822343 -0.0076200100593268863 0.012012461200356485 0.96526834368705761 -0.19010440260171887 -0.57603999972343434 2.2412693500518803 0.00010646156079019421 -0.026616293936967846 -0.27789281308650965 0.57999104261398327 0.51224112510681163 -0.036799868568778031
decision_type=2 2 2 2 2 2 2 2 2 2 2 2 2 2 2 2 2 2 2 2 2 2 2 2 2 2 2 2 2 2 2
left_child=1 4 12 16 8 9 24 -7 13 -5 25 19 22 -1 -12 -10 20 -18 30 -8 -3 -20 29 -13 26 -6 -4 -26 -24 -2 -14
right_child=2 3 6 5 10 7 11 -9 15 -11 14 23 18 -15 -16 -17 17 -19 21 -21 -22 -23 28 -25 27 -27 -28 -29 -30 -31 -32
leaf_value=0.0090773616553810194 0.0139391188382736 0.035457230957221836 0 0.0086944057197521178 0.019652487458206205 0.02870525177580114 0.011044312207532821 0 -0.0038484912309814478 -0.012944602700219804 -0.00029401948092177269 0 0.0018770751839911174 -0.012940277470634164 -0.019619737768458035 0.020908742954438043 0.0013641920148752317 0.026923638172511578 -0.02802591436846625 -0.0054634531121289928 0.00097641942481940585 -0.0011022244539996477 -0.012241159931452313 -0.017808647495752936 0.0086233317417806991 0 0.028658541568196888 -0.0054913175789489269 0 0 -0.0055654650938618882
leaf_weight=76.904633384139743 8.3081314147566427 490.19041139818728 4.5981189779704428 363.7176757362904 9.7633676958503219 243.38450942287454 79.179709389340132 39.67525449115783 26.15445274929516 52.425869086408056 93.240207599970745 20.343708881526254 13.984291605942415 82.244806166767376 214.02824599124142 132.7606581832224 82.330837903398788 83.303273952915333 809.67070406273706 135.38401335853268 21.008055089158006 29.638725524884649 56.685421975504141 141.66743818233954 13.615712053608151 7.9078006147756232 39.281076012353878 11.151035897375548 12.899714650993699 3.4177807831438249 24.998776597669348
leaf_count=4213 1411 18044 250 18890 936 10300 13358 2396 1436 2817 11999 5031 2566 6760 25100 5575 4472 2205 288774 38472 560 6708 16441 38663 2694 872 4461 2138 3314 835 6761
internal_value=0.00142108 0.0146694 -0.017477 0.0225692 -0.00226087 0.013792 -0.00130249 0.0247733 0.00732527 0.00521148 -0.0118248 -0.00649492 -0.0246752 -0.00189482 -0.0144924 0.0162658 0.0307658 0.0164364 -0.0262874 0.000631501 0.0343406 -0.0272524 -0.00433372 -0.01547 0.0206733 0.0141866 0.0265601 0.000365374 -0.0101501 0.0111094 -0.00141149
internal_weight=3423.86 2019.04 1404.82 1376.04 643.004 699.203 445.221 283.06 318.065 416.144 324.94 376.575 959.604 159.149 307.268 158.915 676.833 165.634 878.292 214.564 511.198 839.309 81.311 162.011 68.6459 17.6712 43.8792 24.7667 69.5851 11.7259 38.9831
internal_count=548452 116575 431877 59684 56891 34403 105067 12696 17984 21707 38907 95524 326810 10973 37099 7011 25281 6677 304809 51830 18604 295482 22001 43694 9543 1808 4711 4832 19755 2246 9327
is_linear=0
shrinkage=0.0873782


Tree=2
num_leaves=25
num_cat=0
split_feature=3 42 44 44 43 42 14 19 43 23 13 41 42 43 6 41 10 2 6 41 20 18 19 18
split_gain=151.755 28.1416 22.5685 17.3717 9.71108 7.25453 6.60214 6.58914 3.29512 2.53895 1.92583 1.80347 1.31391 1.06987 0.942432 0.716816 0.713874 0.564583 0.444369 0.233825 0.123637 0.0910249 0.026506 0.0268056
threshold=-0.032061764970421784 0.01702959276735783 0.63802188634872448 0.61873510479927074 0.97305244207382213 0.083472922444343581 0.41099330782890325 0.38736744225025183 0.92580243945121776 0.054931746795773513 -0.067905101925134645 0.4558380544185639 0.022613065317273143 0.92203384637832653 0.73552611470222484 -1.2532662749290464 0.60309031605720531 0.00048469952889718121 1.7829620242118838 -1.3442662358283994 0.0062943121884018191 -0.79890573024749745 0.33663675189018255 -0.29040002822875971
decision_type=2 2 2 2 2 2 2 2 2 2 2 2 2 2 2 2 2 2 2 2 2 2 2 2
left_child=1 9 8 12 7 14 -6 -4 18 10 -1 -12 22 15 19 -7 -10 -16 -3 -5 -15 -14 -2 -24
right_child=3 2 4 5 6 13 -8 -9 16 -11 11 -13 21 20 17 -17 -18 -19 -20 -21 -22 -23 23 -25
leaf_value=0 0 -0.019747355206205942 0.0016470938560800444 0.0048297449553007044 0.046407246748478813 -0.0026821664359274839 0.0012591010045076153 0.016455007988510611 0.010850699330109979 0 0.048831304429075226 0.0047007911221656068 0 0.0025317359710189395 0.018181319895018481 -0.018107646325656805 -0.0040346007249027309 0 0 -0.0044948023739893117 -0.0037372914113724103 -0.033067489094199119 0 -0.0048040604311268258
leaf_weight=5.1929753401782355 1.2805516917724187 158.48034773298423 328.86030400590971 7.9437593377660951 104.07093274052022 51.70466930346447 38.559740921133198 953.06900047505042 27.661919131118339 8.3418113073566911 201.98504729208071 18.123272643308155 0.65569564228644495 15.687963384611065 41.274803781328956 341.76127648112015 18.581332411209587 19.474172704620287 5.5152725424268274 32.00279833615059 28.431081600021571 653.82676793512655 3.7407836312195313 20.590275190654211
leaf_count=184 333 40754 20163 1206 2138 11946 581 27746 3109 218 4274 1021 261 3643 5656 110168 2124 5241 963 6589 7730 283927 1026 6698
internal_value=0.000717606 0.0163289 0.0118339 -0.0230019 0.0158084 -0.0103595 0.0366487 0.0128304 -0.0135838 0.0436495 0.0452547 0.0463971 -0.0322193 -0.0151978 0.00874598 -0.0165883 0.00391435 0.0141605 -0.0189773 0 0 -0.0330359 -0.00347467 -0.00409694
internal_weight=3086.82 1868.44 1634.8 1218.37 1424.56 538.281 142.631 1281.93 210.239 233.643 225.301 220.108 680.094 437.585 100.696 393.466 46.2433 60.749 163.996 39.9466 44.119 654.482 25.6116 24.3311
internal_count=547699 103275 97578 444424 50628 152179 2719 47909 46950 5697 5479 5295 292245 133487 18692 122114 5233 10897 41717 7795 11373 284188 8057 7724
is_linear=0
shrinkage=0.0873782


Tree=3
num_leaves=30
num_cat=0
split_feature=16 22 44 0 22 44 44 19 9 6 8 6 1 18 28 0 18 30 9 14 10 25 18 44 5 21 1 8 6
split_gain=144.606 43.5396 34.8029 17.6278 11.672 8.99914 7.50536 6.16785 4.27416 3.60682 3.4621 3.38558 3.32132 3.14045 3.04357 2.67489 2.18652 1.80581 1.68792 1.94432 1.01674 0.797305 0.771398 0.681504 0.619057 0.561912 0.499819 0.311578 0.0951192
threshold=-0.024570148438215252 0.18131240457296374 0.74472957849502575 0.067657820880413069 4.2719275951385507 0.74101400375366222 0.63409864902496349 0.36659328639507299 9.1928086280822772 1.9720560908317568 0.34282240271568304 1.018028795719147 -0.030801163986325261 -0.3300583660602569 -5.314788579940795 0.3924050778150559 -0.090439219027757631 1675.1176757812502 9.8861079216003436 0.34235490858554846 0.05544650740921498 -0.00041731541568879033 -0.77065363526344288 0.87823969125747692 -0.063397586345672594 37.549949645996101 -0.023809400387108322 1.0855684876441958 1.3636428713798525
decision_type=2 2 2 2 2 2 2 2 2 2 2 2 2 2 2 2 2 2 2 2 2 2 2 2 2 2 2 2 2
left_child=1 7 6 10 16 22 9 17 14 -3 20 -6 -10 -8 -9 21 -4 -1 19 -12 28 -7 -5 -19 -17 -24 -22 -20 -2
right_child=3 2 4 5 11 15 13 8 12 -11 18 -13 -14 -15 -16 24 -18 23 27 -21 26 -23 25 -25 -26 -27 -28 -29 -30
leaf_value=-0.015031921976855414 0.0074609224182895627 -0.025494613671665604 0.028253838986461572 0 -0.0030706820308018345 0.0077774329304662456 -0.011013691886396957 0.058355497574718626 0.031646199039726604 0.0012988997749780885 0 0.012324210111993774 0.0016250282052580978 0.0075269700810805858 0.022951628966069174 0 0 -0.0004410247215160563 -0.0070764334059884105 0.030360887106342563 0 -0.0055034245609943888 0 0.017365134902430791 -0.019599333352075886 -0.033340048404530621 -0.016076120191516993 0.0046788831985050492 0
leaf_weight=7.6887506626080713 7.7224421206628886 190.62061406674911 475.58253844891442 2.0967522075225125 151.65365341352299 29.229669126594672 92.334052042715484 181.45648243540199 81.573892852873541 35.180548206990352 17.972423536411952 257.45897289295681 52.999172564828768 156.72460649011191 80.117768578813411 13.447196859109679 18.809242932358757 7.79223870194983 15.788886280963199 36.261725731310435 8.0941840141313133 77.400930793344742 3.2193743039388201 18.959808895131573 180.43870304257143 677.37633524785633 38.940513330802787 2.7171278973110011 1.4187468222226014
leaf_count=92 1176 69544 13486 550 18478 3211 6967 2261 1853 4707 3288 11857 2056 10547 1528 3568 1103 217 3231 2952 1847 20470 1400 186 59234 290699 10861 313 230
internal_value=0.00108821 0.0163022 0.00833213 -0.0234004 0.0182891 -0.0273345 -0.0103671 0.0399391 0.0428852 -0.0211395 0.00550171 0.00650151 0.0223937 0 0.0505027 -0.0127715 0.0271452 0.00064285 0.0165523 0.0225658 -0.00805683 -0.000319832 -0.0329958 0.0121007 -0.0183927 -0.0331716 -0.0131431 -0.001084 0.00545225
internal_weight=2921.08 1808.95 1378.36 1112.13 903.504 983.209 474.86 430.588 396.147 225.801 128.916 409.113 134.573 249.059 261.574 300.516 494.392 34.4408 72.7402 54.2341 56.1759 106.631 682.692 26.752 193.886 680.596 47.0347 18.506 9.14119
internal_count=547912 144882 136689 403030 44924 379132 91765 8193 7698 74251 23898 30335 3909 17514 3789 86483 14589 495 9784 6240 14114 23681 292649 403 62802 292099 12708 3544 1406
is_linear=0
shrinkage=0.0873782


Tree=4
num_leaves=28
num_cat=0
split_feature=3 23 42 44 44 34 19 44 43 17 44 19 10 19 11 42 31 17 12 15 44 30 43 10 43 12 43
split_gain=140.54 36.6499 22.7731 14.7843 5.77079 5.22058 5.10404 3.66585 3.11521 3.10328 3.33951 4.07266 2.96093 1.64426 1.5391 1.4403 1.31167 1.10817 1.01563 0.938774 0.690938 0.544939 0.531229 0.372517 0.329553 0.111845 0.0741672
threshold=-0.039502540603280061 1.0000000180025095e-35 0.058347292244434364 0.74101400375366222 0.66158118844032299 0.76923218369483959 1.0478447675704958 0.90214809775352489 0.89131429791450512 22.782464027404789 0.48607859015464788 0.5990675985813142 0.12536873668432238 0.61487710475921642 -1.4573976993560789 0.083472922444343581 -0.0037375268293544646 52.388616561889656 11.125000000000002 0.19638907909393313 0.98863098025321972 2229.8500976562505 0.9926840364933015 0.023938619531691078 0.98097962141036998 10.570000171661379 0.9926840364933015
decision_type=2 2 2 2 2 2 2 2 2 2 2 2 2 2 2 2 2 2 2 2 2 2 2 2 2 2 2
left_child=1 9 7 8 19 6 -5 12 15 -1 23 -12 17 22 -10 -3 -7 -2 25 26 -20 -14 -6 -11 -15 -9 -4
right_child=2 3 4 5 13 16 -8 18 14 10 11 -13 21 24 -16 -17 -18 -19 20 -21 -22 -23 -24 -25 -26 -27 -28
leaf_value=0 0.018115055301003304 -0.0013110828912113516 -0.033398086737620236 0.010442692474230991 -0.02062092547624382 0.0047122840697479849 0.027158676936530131 0.00097924947983647368 -0.011439024349616063 -0.0019858155507098247 0.016797429227700653 0.048130942543924277 -0.015879226156632679 -0.0063727360947326865 0.0086722113879454492 -0.022566477143759898 -0.011517091447364892 -0.0030932561469265351 0.024251690325517845 0 0 -0.0024970222734454622 0 0.0094472437963497597 0.0029202287202652645 -0.0056707811117295585 0
leaf_weight=16.894656478776596 30.170626932114828 48.294155157142086 625.70086950506084 553.04104801823269 297.90610556438332 46.779881478811149 221.17965570709202 3.3128193740267298 19.447828989708796 5.283875588560476 84.326839723391458 281.98029811761808 59.01424390685861 93.090626881486969 66.754669830464991 98.291242055391194 54.315686244430253 9.1877748838451208 44.271041268133558 8.0881593445083109 6.4869173248298457 79.679342004092177 3.6697639432968563 29.499828597181477 6.926818309177178 4.148985376697965 2.8150147065753108
leaf_count=206 3658 6851 294377 24510 102247 2394 3753 159 1609 78 845 2297 9856 23684 6483 29634 2997 2157 3169 3987 465 18817 817 671 1094 233 1084
internal_value=-0.000605544 0.0171344 -0.0218616 0.0083498 -0.027339 0.0135522 0.0159692 0.00206689 -0.0102723 0.0386028 0.0400713 0.0425498 -0.00399658 -0.0169575 0.0017402 -0.0172838 -0.00362961 0.0120699 0.0179786 -0.0329427 0.0215182 -0.010251 -0.0201955 0.00571387 -0.00443659 -0.000521491 -0.0333127
internal_weight=2800.56 1526.09 1274.47 1108.1 1038.2 875.316 774.221 236.272 232.788 417.985 401.091 366.307 178.052 401.593 86.2025 146.585 101.096 39.3584 58.2198 636.604 50.758 138.694 301.576 34.7837 100.017 7.4618 628.516
internal_count=548132 82328 465804 78231 427290 33654 28263 38514 44577 4097 3891 3142 34488 127842 8092 36485 5391 5815 4026 299448 3634 28673 103064 749 24778 392 295461
is_linear=0
shrinkage=0.0873782


Tree=5
num_leaves=32
num_cat=0
split_feature=16 22 0 26 2 17 17 26 38 2 16 26 8 12 43 14 41 32 43 22 28 25 10 22 0 22 32 10 10 40 30
split_gain=96.3342 27.8103 20.2599 8.6449 7.00068 5.19217 4.29963 7.38088 4.19317 4.18357 3.53889 3.3489 3.12331 3.06675 2.76949 2.17857 2.07459 1.71453 1.66466 1.59741 1.34927 1.20035 1.03137 0.709447 0.465776 0.359508 0.355524 0.096956 0.0769139 0.0322479 0.0065737
threshold=-0.026371121406555172 0.95150706171989452 1.0000000180025095e-35 -0.013457428663969038 -0.029999990016221997 45.02839660644532 34.331336975097663 -0.0067472222726792088 -0.014106149319559334 -0.065064918249845491 -0.13678304105997083 -0.016551386564970013 0.51306271553039562 15.545000076293947 0.98097962141036998 0.34235490858554846 1.0463392138481142 -1.3692744374275205 0.89131429791450512 1.3853197097778323 -1.9348845481872556 -0.0014305055374279616 0.66681429743766796 4.3394813537597665 0.15447105467319491 3.1630585193634038 -2.9648556709289546 0.031969806179404266 0.9809977412223817 -0.91147366166114796 2571.6647949218755
decision_type=2 2 2 2 2 2 2 2 2 2 2 2 2 2 2 2 2 2 2 2 2 2 2 2 2 2 2 2 2 2 2
left_child=1 6 15 10 21 14 8 16 11 -7 19 -1 -9 -12 -5 27 -8 -10 23 -3 22 26 -17 -6 -20 -23 -4 30 -29 -22 -2
right_child=2 3 4 5 18 9 7 12 17 -11 13 -13 -14 -15 -16 20 -18 -19 24 -21 29 25 -24 -25 -26 -27 -28 28 -30 -31 -32
leaf_value=0.031528416717103908 0.0014319694544510989 -0.00022961614394760422 0 -0.017537809119795373 -0.016829729414544921 0.020498116947170117 0.040677454813521322 -0.0035667852560218784 -0.01334212930273305 -0.003033470173533647 0.01210956527008528 0 0.020380399355107617 -0.0019171860952159495 0.0082913188424493627 0.033271439952756179 0 0.0068957952573879587 0 0.023255809076237147 0.0015635078638920176 0 0 -0.030306460050841599 -0.012258530762408425 -0.0098102018312267968 0.014670376481131843 -0.0062744852281646718 0 -0.0025027281325233214 0
leaf_weight=72.756583686103113 2.5745112801669197 14.539943323121404 3.0603014650987488 193.52583293768112 180.88275421451544 57.522591051005293 299.67424930928973 51.411582549568266 29.259296454372816 177.41448076246888 226.31688019196736 27.924932479159907 75.526937459275359 197.13312803808367 17.842815964948386 37.40801181900315 6.7760336176725096 61.859846298524644 12.845495941350235 156.55118423630483 6.6145413349149749 27.875454015447758 10.125563698122276 604.11877808853751 88.000480977352709 42.505355840228731 17.24531368695898 16.012009567231875 1.0183033131761465 6.2766446312889439 0.88995843217708159
leaf_count=753 315 234 224 47781 67743 3877 4951 4107 522 32578 9836 1108 1367 20667 921 1553 289 2377 3061 6305 930 5397 474 272569 34052 15633 2530 4309 160 890 220
internal_value=0 0.0130025 -0.0204216 0.00394704 -0.023973 -0.00494959 0.0272681 0.0323835 0.013071 0.0035653 0.0107388 0.0236435 0.0108601 0.00556451 -0.0143219 0.0173667 0.0396519 0 -0.0262869 0.0209022 0.024015 0 0.0288471 -0.0278757 -0.0102749 -0.00611765 0.011632 -0.00197368 -0.00482244 0 0
internal_weight=2723.49 1666.04 1057.45 1040.85 976.534 446.306 625.189 433.389 191.801 234.937 594.541 100.682 126.939 423.45 211.369 80.9195 306.45 91.1191 885.848 171.091 60.4248 90.6864 47.5336 785.002 100.846 70.3808 20.3056 20.4948 17.0303 12.8912 3.46447
internal_count=547733 137673 410060 122199 401209 85157 15474 10714 4760 36455 37042 1861 5474 30503 48702 8851 5240 2899 377425 6539 3847 23784 2027 340312 37113 21030 2754 5004 4469 1820 535
is_linear=0
shrinkage=0.0873782


Tree=6
num_leaves=29
num_cat=0
split_feature=27 23 23 3 3 12 37 12 17 26 21 28 25 40 27 12 6 12 18 23 35 11 35 35 11 33 3 40
split_gain=110.224 23.5089 18.0009 8.35603 3.67238 3.28575 2.59145 2.49454 2.36325 1.97231 1.88741 1.8347 2.13576 1.74057 1.10102 0.99733 0.869233 0.769729 0.669896 0.615865 0.59996 0.527916 0.44725 0.408287 0.255907 0.218379 0.104894 0.07028
threshold=-0.0165368253365159 1.0000000180025095e-35 1.0000000180025095e-35 -0.060207618400454514 -0.14750905334949491 20.23499965667725 0.12061329558491708 13.494999885559084 26.805406570434574 -0.011834233067929743 39.024188995361335 -2.2503635883331294 9.3430489869206229e-06 -0.81268909573554982 -0.04380939528346061 12.244999885559084 2.9661239385604863 11.125000000000002 -0.72794443368911732 0.024594865739345554 -0.017241852357983586 -0.54382705688476551 0.014779454097151758 -0.0058404705487191668 -0.19572046399116513 -0.38508822023868555 -0.024494276382029053 -0.97664013504981984
decision_type=2 2 2 2 2 2 2 2 2 2 2 2 2 2 2 2 2 2 2 2 2 2 2 2 2 2 2 2
left_child=1 6 11 4 10 -6 -1 19 21 15 -3 12 17 -10 -9 24 18 -2 -11 -5 -14 -8 23 -13 -4 -17 -18 -24
right_child=2 3 9 7 5 -7 8 14 13 16 -12 22 20 -15 -16 25 26 -19 -20 -21 -22 -23 27 -25 -26 -27 -28 -29
leaf_value=0 0 -0.0049719431844488012 0.0073033729750104845 -0.0038279016842900498 0.01322401647419123 0 0.010826503466184786 0.0018071184999743828 0.043994525301860425 0 0.024112544708986491 0 -0.0092088617381288658 0.02329064123303394 -0.013932251042789466 0 0.0021450427099564172 0.027340239353679168 -0.025094565456433546 0.0088308383204266875 0.0057987312033150069 -0.0038781778878746436 0.0071688905003805987 -0.012206625935419661 -0.0017761202773055027 -0.013818508367170752 -0.0043210469587852502 0
leaf_weight=23.327280750498176 2.7230110001983112 4.7132967950310549 14.906395446159875 14.521234185202045 328.41587869171053 223.3839928447851 8.3905798287596571 22.501048468810041 190.10449893400073 12.682683535909744 194.95340515393764 17.949143161298707 11.091666455613447 201.11630718375091 142.69539033228648 4.9617476813727981 4.6017981489421826 43.242117751913611 963.07414469277137 69.598813691874966 31.114784031291492 16.880613407818601 3.3574603192973882 20.333160787587985 19.148608591989614 67.812218504492193 14.458812330558429 2.0725621728342949
leaf_count=180 117 113 2248 324 11171 23857 99 3009 1475 4403 5861 1451 847 1882 24850 1395 496 2271 420142 4060 3238 285 400 3235 3936 21289 4948 419
internal_value=-0.00046632 0.0157999 -0.0194932 0.00792802 0.0124808 0.00794076 0.0322529 -0.00529699 0.0337747 -0.0231369 0.0225162 0.00920339 0.0155193 0.035411 -0.0112521 -0.00787737 -0.0244646 0.0251178 -0.0248315 0.00529022 0 0.00148033 -0.00282243 -0.00726421 0.00157603 -0.0127802 0 0.00527862
internal_weight=2674.13 1440.6 1233.53 1000.78 751.467 551.8 439.819 249.316 416.492 1101.65 199.667 131.884 88.1716 391.221 165.196 106.829 994.817 45.9651 975.757 84.12 42.2065 25.2712 43.7123 38.2823 34.055 72.774 19.0606 5.43002
internal_count=548001 77166 470835 73245 41002 35028 3921 32243 3741 458857 5974 11978 6473 3357 27859 28868 429989 2388 424545 4384 4085 384 5505 4686 6184 22684 5444 819
is_linear=0
shrinkage=0.0873782


Tree=7
num_leaves=31
num_cat=0
split_feature=27 42 42 6 37 30 37 12 9 27 15 11 42 12 34 35 15 39 9 9 6 6 27 27 12 41 11 11 12 6
split_gain=86.8379 23.7567 17.4164 7.28457 5.33015 4.45084 3.43668 2.99473 2.72917 2.28145 2.16285 2.03861 1.98367 1.97254 1.92169 1.43523 1.32148 1.31047 2.04399 1.21282 1.39804 1.17127 0.936068 0.775528 0.467291 0.306248 0.286128 0.469345 0.159765 0.0218103
threshold=-0.019811297766864296 0.0086543830111622828 0.049972083419561393 1.7279099822044375 0.52823787927627575 1793.449890136719 1.6341318488121035 15.214999675750734 9.8811068534851092 -0.099406171590089784 0.018491342663764957 0.20405103266239169 0.030988275073468689 11.465000152587892 0.42857404053211218 -0.031538652256131165 0.16918943077325824 -1.5702195167541502 9.8861079216003436 9.224393844604494 0.79517343640327465 1.8824563026428225 -0.011609848123043774 -0.058356601744890206 10.489999771118166 -1.7007626295089719 -0.33863896131515497 1.2019671797752383 20.460000038146976 0.93919977545738231
decision_type=2 2 2 2 2 2 2 2 2 2 2 2 2 2 2 2 2 2 2 2 2 2 2 2 2 2 2 2 2 2
left_child=2 13 4 7 17 6 -6 14 -7 -9 23 -12 19 26 -4 28 -17 -1 -19 20 -3 25 -23 -5 -21 -14 29 -28 -15 -2
right_child=1 12 3 10 5 8 -8 9 -10 -11 11 -13 21 15 -16 16 -18 18 -20 24 -22 22 -24 -25 -26 -27 27 -29 -30 -31
leaf_value=0 0 -0.0088373666081316797 0.011792845999012378 0.0084005990693560868 -0.00026960119357479943 0.029003753926181788 0.02092012281614419 0.0025378892300613864 0.0037975930153137153 -0.012861716103433035 0.029337649433789567 0.00026357704815004767 0 -0.0065871998524805082 -0.0045719582009684529 0.02796689828218794 0 0.042963856671536384 0 0 0.011772347127625562 0.0038659242426430035 -0.011630388029957282 -0.0052823818305342274 -0.015930312804483326 -0.022750270988051578 -0.01390807100593811 0.0016510361225882365 0.0018944939155234185 0.0035318828878400576
leaf_weight=10.192361026303841 2.6198270020540813 21.789880562340841 125.73600930417888 60.314934672962409 151.82458633015631 238.14445186825469 63.896630694100168 89.417253038089257 57.6096117819543 180.56496133413748 91.673746154992841 31.559433234622702 7.1658826612983821 4.0347076464677212 60.535730043658987 81.549332530470565 8.5587575291283411 146.30749431764707 13.249178058700634 2.2451801170827812 32.544123890809715 20.499108999792952 58.499870485044084 23.031923482078128 41.454596791940276 979.33764531798079 8.2530273515731043 1.8993956713238738 5.505109328427352 3.0095781759591773
leaf_count=97 134 2986 4738 1920 2689 3247 824 6637 1567 34577 1755 685 2636 87 3459 4648 254 1568 298 318 3595 2001 22516 2259 8789 433695 524 91 209 101
internal_value=-0.000521786 -0.0167136 0.014828 0.00430792 0.0244578 0.0181861 0.00690318 -0.00177695 0.0250334 -0.00758462 0.0171006 0.0237975 -0.020531 0.0181188 0.00603556 0.0221937 0.0251457 0.0385549 0.0403127 -0.0054287 0.0019297 -0.0216841 -0.00657537 0.00328354 -0.0138096 -0.0226181 -0.00269709 -0.00849731 -0.000356302 0.00228884
internal_weight=2623.02 1278.97 1344.06 662.834 681.224 511.475 215.721 456.254 295.754 269.982 206.58 123.233 1163.54 115.43 186.272 99.6479 90.1081 169.749 159.557 98.0338 54.334 1065.5 78.999 83.3469 43.6998 986.504 15.7818 10.1524 9.53982 5.62941
internal_count=548904 482584 66320 56030 10290 8327 3513 49411 4814 41214 6619 2440 476536 6048 8197 5198 4902 1963 1866 15688 6581 460848 24517 4179 9107 436331 850 615 296 235
is_linear=0
shrinkage=0.0873782


Tree=8
num_leaves=32
num_cat=0
split_feature=22 44 8 31 3 21 44 34 3 34 34 44 21 1 36 21 24 44 13 8 22 16 37 11 21 31 15 8 25 25 34
split_gain=67.9014 30.5278 15.4341 8.15445 6.36853 5.50615 2.97506 2.43488 2.20063 2.09794 2.00069 1.81286 1.30824 1.2492 0.891757 0.805096 0.773649 0.69118 0.610375 0.413079 0.409461 0.378195 0.308737 0.276183 0.235748 0.200322 0.187954 0.180461 0.101446 0.0630375 0.0440028
threshold=2.0133218765258794 0.73688930273056041 0.31514881551265722 -0.0001130796044890303 -0.038616729900240891 56.050310134887702 0.74882405996322643 0.083328429609537139 -0.085455294698476778 0.12307859212160112 0.8347107768058778 0.84751939773559581 39.024188995361335 -0.017699155956506726 -0.020833207294344899 52.254358291625984 -0.00051552758668549348 0.52930650115013134 -0.0029215753311291333 0.50003072619438182 4.2719275951385507 -0.077280648052692399 2.7506878376007085 -0.57719826698303212 58.046039581298835 -0.0060569646302610627 0.21315577626228335 1.1600430607795718 -0.00043981660564895714 3.3243864891119308e-05 0.61445829272270214
decision_type=2 2 2 2 2 2 2 2 2 2 2 2 2 2 2 2 2 2 2 2 2 2 2 2 2 2 2 2 2 2 2
left_child=2 8 13 6 7 12 23 14 19 -9 -8 -7 -5 15 -3 18 21 26 -1 25 30 -15 -19 -4 -17 -2 -10 -21 -22 -18 -6
right_child=1 4 3 5 20 11 10 9 17 -11 -12 -13 -14 16 -16 24 29 22 -20 27 28 -23 -24 -25 -26 -27 -28 -29 -30 -31 -32
leaf_value=-0.0021088415731999703 0.0088075397760580022 0.019578986997240644 0 0 0.0013199372909670705 -0.0039770771922060279 0.016084475165207321 -0.011324112958695481 -0.026126080802758894 0.0056365621933976507 -0.0039924603807198417 0.015586171473206428 0.034456582205803186 0 0 -0.0094718530459167692 0.0040807976980040172 -0.015321158592919385 0.012827784169872862 -0.0094372127128152534 -3.0159983361957679e-05 -0.015675235727468591 0 -0.010262822604767316 0 0 0 0 -0.011501622112908486 0 -0.0025437715285694159
leaf_weight=7.7810012393165371 9.1407912506838347 106.04560042486992 11.745689423114525 12.901439984096212 22.512777891708538 41.1096616993309 239.44812017894583 40.324999082426075 515.28077662942815 387.90491512476001 25.862372031377163 57.069518745876849 432.59615127521101 2.2155949972220688 11.362280574627219 16.085665112535938 8.809638257196637 223.63362971873721 35.361129492521286 19.139425857865721 26.047708986734506 72.896611371310428 6.2313216564361928 30.166420796653256 9.6463260004529712 12.365080336690879 0.95517513761296768 2.4910897731315336 178.65930949768517 4.6019620323786503 18.058988620527089
leaf_count=1511 915 4505 2479 166 6704 1803 10148 1931 252483 22580 2628 900 7561 153 591 3117 1901 93897 3652 4141 9902 21424 1592 7017 2896 1903 476 291 72113 1525 5914
internal_value=0.000978764 -0.0102402 0.018509 0.0230922 0.00180148 0.0295516 0.0101281 0.00710255 -0.0221631 0.00332683 0.0135971 0.00726622 0.0336618 -0.00546114 0.0174126 0.00198003 -0.0114706 -0.0232522 0.00867469 -0.000182173 -0.00920342 -0.014503 -0.0148177 -0.00727294 -0.00581043 0.004499 -0.0260518 -0.00723287 -0.0106613 0.00092399 0
internal_weight=2588.45 1580.15 1008.3 850.899 790.917 543.677 307.223 545.638 789.237 428.23 265.31 98.1792 445.498 157.398 117.408 68.8741 88.5238 746.101 43.1421 43.1364 245.279 75.1122 229.865 41.9121 25.732 21.5059 516.236 21.6305 204.707 13.4116 40.5718
internal_count=548819 479938 68881 32702 124240 10430 22272 29607 355698 24511 12776 2703 7727 36179 5096 11176 25003 348448 5163 7250 94633 21577 95489 9496 6013 2818 252959 4432 82015 3426 12618
is_linear=0
shrinkage=0.0873782


Tree=9
num_leaves=32
num_cat=0
split_feature=42 44 10 43 20 19 44 43 17 40 44 2 40 11 32 42 17 39 2 22 8 12 44 19 43 8 2 2 44 7 40
split_gain=57.2963 24.9242 20.2719 7.11959 5.84396 5.82696 6.38497 4.43181 3.6016 3.25272 3.20865 2.55835 2.29389 3.10848 1.68023 1.66768 1.52123 1.42675 0.809718 0.762802 0.651447 0.618944 0.55491 0.484348 0.418828 0.329322 0.322972 0.263751 0.248275 0.126068 0.122726
threshold=0.044388610869646079 0.78010213375091564 0.22349131852388385 0.65404123067855846 -0.049076817929744714 0.30472382903099066 0.47044926881790167 0.87956690788269054 55.929853439331062 -1.2878307700157163 0.68896135687828075 0.023259604349732402 -0.57206135988235463 0.78074973821640026 -3.1788531541824336 0.080681182444095625 30.309372901916507 1.139903247356415 -0.039183543995022767 2.0133218765258794 0.42597728967666632 11.72499990463257 0.8743267059326173 1.1557412743568423 0.9926840364933015 0.8644065558910371 -0.072615608572959886 -0.061013694852590554 0.55254441499710094 0.6948848068714143 0.39465883374214178
decision_type=2 2 2 2 2 2 2 2 2 2 2 2 2 2 2 2 2 2 2 2 2 2 2 2 2 2 2 2 2 2 2
left_child=2 7 5 15 12 22 23 19 -8 21 -11 17 14 -14 -4 18 28 -5 -3 27 -17 -6 30 -7 -18 -24 -21 -2 -9 -13 -1
right_child=1 3 4 11 9 6 8 16 -10 10 -12 29 13 -15 -16 20 24 -19 -20 26 -22 -23 25 -25 -26 -27 -28 -29 -30 -31 -32
leaf_value=0.007930559888857729 0 0.011267938415853274 0 0.015480548801225482 0 -0.0031581366389115927 0.044117580987652075 0 0.00051158214186390973 -0.0087001467453231961 0.0092753687995980206 -0.006057259505904313 -0.017185123682917337 0.016285397025703273 0.025772983204523228 0 -0.0092264204475132651 0 -0.0039459245897328762 -0.0025501878121845199 -0.010919941314437546 -0.017895912757424741 -0.013960130564652467 0.0098806217158683516 0.0014291779115588709 0 -0.022823631546977974 -0.0086655426210856448 0.013265820943564793 0 0
leaf_weight=9.9223004205850902 10.525840484187936 37.34120715118479 17.713746782741509 297.30313373706304 12.756342714768833 28.85708690690808 259.91653293301351 6.1130017172545221 21.090223540086299 79.263327253051102 256.34152605582494 45.797508543299045 19.290292792138644 21.714936006115749 140.01131392247044 52.516647522570565 111.27836024702992 41.040318218932953 19.64511374454014 24.18950162519468 219.89444589044433 48.751454845943954 7.4679440385662001 11.405584496969821 8.4330519209615868 6.923453705268912 657.3694113138481 58.854274356155656 16.878851441957522 4.7625749753788105 2.4455165084218597
leaf_count=471 2188 1552 269 17064 899 4077 4529 1909 1022 13435 7601 15606 305 427 2569 13743 39569 2504 3441 8517 54219 3813 140 1072 1656 113 319120 24991 995 503 135
internal_value=0.000893509 -0.00904396 0.0177965 0.00292841 0.00728175 0.0340101 0.0371 -0.0186247 0.0414741 0.000628235 0.00445567 0.0107634 0.0187067 0 0.0229636 -0.00610965 -0.00303491 0.0134947 0.00501826 -0.021278 -0.00900376 -0.0146502 -0.000874737 0.000982399 -0.00761015 -0.0094037 -0.022359 -0.00666125 0.0104784 -0.00458212 0.00557347
internal_weight=2555.81 1611.94 943.872 718.301 595.843 348.029 321.269 893.642 281.007 397.113 335.605 388.904 198.73 41.0052 157.725 329.397 142.703 338.343 56.9863 750.939 272.411 61.5078 26.7592 40.2627 119.711 14.3914 681.559 69.3801 22.9919 50.5601 12.3678
internal_count=548454 507577 40877 108632 29318 11559 10700 398945 5551 25748 21036 35677 3570 732 2838 72955 44129 19568 4993 354816 67962 4712 859 5149 41225 253 327637 27179 2904 16109 606
is_linear=0
shrinkage=0.0873782


Tree=10
num_leaves=30
num_cat=0
split_feature=27 37 24 4 27 15 11 24 13 18 21 5 12 21 38 8 12 41 41 21 18 43 13 34 15 37 8 15 34
split_gain=43.1544 6.26382 4.89812 4.32731 4.087 3.69978 3.09484 2.42399 2.07488 2.03104 2.02686 1.89937 1.93388 1.69567 1.36951 1.35011 1.89409 1.03909 0.778861 0.615024 0.426047 0.418168 0.394439 0.381522 0.242994 0.190504 0.188413 0.13567 0.0224804
threshold=-0.011609848123043774 0.53362864255905162 -0.011466203257441519 -33.381544113159173 -0.053841773420572274 -0.084416169673204408 -2.5303492546081539 -0.0055572714190930119 -0.0096488581039011461 -0.58470836281776417 49.574449539184577 -0.05715819634497165 11.154999732971193 52.254358291625984 -0.071428526192903505 0.35354885458946234 25.615000724792484 0.36466301977634435 0.032119883224368102 48.70808410644532 -0.79890573024749745 0.87180653214454662 -0.067905101925134645 0.98573008179664623 -0.2131838575005531 0.55402660369873058 0.80199450254440319 0.071599517017602934 0.03636442311108113
decision_type=2 2 2 2 2 2 2 2 2 2 2 2 2 2 2 2 2 2 2 2 2 2 2 2 2 2 2 2 2
left_child=1 11 8 6 5 -5 19 -6 20 24 -8 12 -1 17 -14 25 -17 -13 -15 -3 -2 22 -11 -22 28 -10 -26 -23 -4
right_child=2 3 9 4 7 -7 10 -9 15 21 -12 13 14 18 -16 16 -18 -19 -20 -21 23 27 -24 -25 26 -27 -28 -29 -30
leaf_value=-0.0015024340077673427 0.00054048628893407476 -0.012822277509172664 0 -0.00062262166679301345 0.0011549086050404557 0.017507437489570864 0.019285717457217202 -0.012250296050097084 0.00093823549307630086 0 0.00127739847518569 0.018197731882160888 0 -0.010592298834583097 0.032101662512779294 0.0173192336652838 -0.0043267355487348709 0 0.0067310722904151462 0.0022468025089952093 -0.014285381005595893 -0.0078161738241516922 -0.018133681707666518 0 0 -0.0054918475715170431 0.0090407514797123147 0 -0.0042205278372827197
leaf_weight=6.8351025562733403 2.0827043530880465 20.444557241164151 1.2863351144478645 129.25626000051852 324.4121430744417 177.2875857099425 296.92096879205201 119.97552647721022 10.162717452680225 3.6368914839695199 75.44480304454919 97.909386456478387 8.1438741410383937 24.28926076379139 138.87931385246338 63.180110308108851 26.588167596841231 23.638002974679694 8.0890068469452654 11.181803252664393 74.486312625173014 67.520542783662677 685.23144619420054 4.4721541928010984 13.056991788616871 63.110324214561842 13.542333270364905 20.722611858509481 11.320483138202688
leaf_count=126 318 524 384 10787 30082 5687 11622 25327 2672 1968 2639 4765 219 1168 4614 12148 8748 2468 702 203 31459 27772 316043 1490 4345 23291 3673 8306 4833
internal_value=0.000392308 0.0101031 -0.0128365 0.00677013 0.00251979 0.010003 0.0138818 -0.00263861 -0.00132491 -0.0160254 0.0161839 0.0210022 0.0282766 0.0105017 0.030314 0.00388896 0.0103522 0.0148756 -0.00331014 -0.00674263 -0.0114565 -0.0169939 -0.0179697 -0.0128897 0.00061914 -0.00345748 0.00548378 -0.0063399 -0.00348929
internal_weight=2523.11 1462.71 1060.4 1154.92 750.932 306.544 403.992 444.388 244.082 816.318 372.366 307.784 153.858 153.926 147.023 163.041 89.7683 121.547 32.3783 31.6264 81.0412 777.111 688.868 78.9585 39.2061 73.273 26.5993 88.2432 12.6068
internal_count=548383 100933 447450 86871 71883 16474 14988 55409 80126 367324 14261 14062 4959 9103 4833 46859 20896 7233 1870 727 33267 354089 318011 32949 13235 25963 8018 36078 5217
is_linear=0
shrinkage=0.0873782


Tree=11
num_leaves=29
num_cat=0
split_feature=0 26 1 2 29 2 30 12 37 41 41 9 41 38 28 9 12 12 17 22 2 28 1 7 15 12 21 38
split_gain=42.7225 17.7674 7.60429 3.86399 2.85055 2.60477 2.47962 2.23814 2.14727 2.03554 1.69996 1.63284 1.45017 1.31183 2.19927 1.32719 1.20279 0.976199 0.910272 0.898202 0.891942 0.761467 0.687211 0.589473 0.481501 0.426576 0.32411 0.200696
threshold=0.014706217218190433 -0.014205382671207188 -0.026271228678524491 -0.026994029060006138 -3.3184128999710079 -0.10176036134362219 2366.431762695313 18.07499980926514 0.12061329558491708 -1.0800882577896116 0.9264320731163026 10.062954902648928 -1.5400770306587217 -0.0037453231634572144 -14.922714710235594 9.3571991920471209 13.219999790191652 20.23499965667725 30.831828117370609 9.5105814933776873 -0.014979727100580929 -1.3895482420921323 0.013519144151359798 0.53430968523025524 -0.015084928367286919 15.315000057220461 37.549949645996101 1.0000000180025095e-35
decision_type=2 2 2 2 2 2 2 2 2 2 2 2 2 2 2 2 2 2 2 2 2 2 2 2 2 2 2 2
left_child=2 5 4 7 25 13 9 12 -6 24 -10 17 -3 14 -2 -15 -11 -7 -13 22 21 -8 -5 -9 -4 -1 -21 -22
right_child=1 3 6 19 8 11 20 23 10 16 -12 18 -14 15 -16 -17 -18 -19 -20 26 27 -23 -24 -25 -26 -27 -28 -29
leaf_value=-0.009586507403910597 0 -0.010616073445959369 0.0039186710310364315 -0.012590254744370923 0 0.0068354766129202996 -0.017877352725576931 0 0.030585081529595892 0.00092277721264873342 -0.00029423557545422437 0.0022056933540700262 0.0071839242485808837 0.008706585679832915 0.02061161532570497 -0.012576881817337933 0.020792920744900883 -0.0020737658910024641 -0.012022309373268376 0 0.0063638304608455666 0.001175043956487242 0 -0.012862168662036818 -0.0092735661966572951 0.0042437017791162783 -0.02000606447611912 -0.0013839083454220762
leaf_weight=8.2083498348947632 48.792764159850776 20.991619449225254 7.4315951842581844 422.68083439063048 16.712021796964109 224.63849213282811 27.471147048345301 43.148185965314042 345.04383529099869 47.163829811383039 6.5676604225300244 26.053903377731331 130.69649639941053 29.053674607595894 122.46090415935032 17.73931478348095 89.241162460413761 114.17774545948487 79.154553427826613 2.0073628035606808 17.308135546918493 5.7303775374311945 43.432906486850698 132.54757152165985 25.760638320702128 8.888300438760778 408.70895850396482 17.877438561234158
leaf_count=84 2501 3112 287 183911 186 13266 1120 14526 7405 1444 186 2850 20890 814 2479 707 2628 17277 11659 970 1534 700 17540 37275 1292 158 198608 2654
internal_value=0 -0.00664599 0.0193967 -0.0129096 0.0267832 0.00463769 0.00577051 -0.00400421 0.0283615 0.0112554 0.0297365 0.000399511 0.00307143 0.011995 0.0151852 0 0.0156812 0.00359089 -0.00787844 -0.0159361 -0.0060693 -0.013474 -0.0115609 -0.0103215 -0.00398098 -0.00128885 -0.0198158 0.00151961
internal_weight=2489.69 1866.29 623.404 1204.21 385.42 662.071 237.984 327.384 368.324 169.597 351.611 444.025 151.688 218.047 171.254 46.793 136.405 338.816 105.208 876.83 68.3871 33.2015 466.114 175.696 33.1922 17.0967 410.716 35.1856
internal_count=548063 528385 19678 476832 8019 51553 11659 75803 7777 5651 7591 45052 24002 6501 4980 1521 4072 30543 14509 401029 6008 1820 201451 51801 1579 242 199578 4188
is_linear=0
shrinkage=0.0873782


Tree=12
num_leaves=30
num_cat=0
split_feature=42 44 10 36 44 25 19 13 41 42 28 36 34 11 19 8 17 8 36 30 41 28 17 12 28 8 7 44 25
split_gain=38.5676 13.5982 5.38765 3.74951 3.20479 3.03223 2.52738 3.93214 2.56456 2.38313 2.51823 1.60877 1.53014 1.57836 1.40895 1.30372 1.23746 1.41879 1.01743 1.38481 0.963311 0.921748 0.876294 0.741751 0.436342 0.250604 0.226295 0.199384 0.0513937
threshold=0.033780012279748924 0.8399086892604829 0.13732405751943591 0.023478107526898388 0.53324067592620861 -0.00093879451742395748 1.0321201682090761 -0.0067183226346969596 0.15883227437734607 0.0058626465033739814 -6.0679538249969474 -0.077971357852220521 0.04037213325500489 -0.11243575811386107 0.73325926065444957 0.28802174329757696 39.19891548156739 0.37141545116901403 -0.1636388152837753 2423.6660156250005 -0.18083568662405011 -12.477866649627684 29.77114295959473 13.164999961853029 -3.0814343690872188 0.72679665684700023 0.7220747470855714 1.0000000180025095e-35 -0.0034962650388479228
decision_type=2 2 2 2 2 2 2 2 2 2 2 2 2 2 2 2 2 2 2 2 2 2 2 2 2 2 2 2 2
left_child=2 4 6 9 27 18 7 20 -9 10 -4 -11 21 -14 22 -8 25 -18 26 -20 -1 -7 -6 -16 -17 -5 -3 -2 -29
right_child=1 5 3 16 14 12 15 8 -10 11 -12 -13 13 -15 23 24 17 -19 19 -21 -22 -23 -24 -25 -26 -27 -28 28 -30
leaf_value=-0.011868535939588988 0 0.0038825835133228827 0.022670597108852508 0.0056226802201542877 0.00098539406395704333 -0.0020035845371490376 0 0.02776181887549194 0 0.010911813959116411 0 -0.0023339619592840522 0.0023213889905636608 -0.0073607288318114283 0.0068428440424463223 0.044216417240352017 0 0.030139927545200826 0.02212062839668882 -0.0011912070742760312 0.0058878397797004342 0.015246954528029426 -0.01179784501729407 -0.0045135091696074381 0.0039251645940879178 -0.005579568501199084 -0.0063538719128790836 0 -0.018747627013109173
leaf_weight=28.760529380640946 4.0085150544182389 5.25957221281715 77.427885488723405 10.982509954366835 25.483789690886624 14.222802497301016 6.2199629187816745 98.95941049780231 30.541415459127165 69.526848017936572 62.645110493758693 261.5893407802796 227.7734244412859 225.74084291351028 47.278629673761316 64.682435532216914 8.6953403031220642 74.665341215324588 70.081775567028672 11.322884349210652 16.013344210456125 46.550605869968422 331.74531197198667 97.080611823999789 13.082709826761855 6.1634882977232328 10.752300745691171 1.9088771843526036 535.43964218898327
leaf_count=887 1975 224 877 335 3065 1423 711 2337 992 1138 1917 14788 31627 37433 7201 727 2242 3483 2918 3273 556 3555 126689 21273 226 179 222 807 275974
internal_value=-3.17143e-05 -0.00776636 0.0150653 0.00941275 -0.0137502 0.00238869 0.0254795 0.0150855 0.0220436 0.00528586 0.0140171 0.000646628 -0.000306234 -0.00238846 -0.0077967 0.0384488 0.0234726 0.0270271 0.0149634 0.0182702 -0.00405433 0.0104455 -0.0105975 0 0.040871 0 0 -0.0185575 -0.0186969
internal_weight=2484.61 1654.65 829.956 571.696 1042.95 611.704 258.26 174.275 129.501 471.189 140.073 331.116 514.288 453.514 501.588 83.9851 100.507 83.3607 97.4165 81.4047 44.7739 60.7734 357.229 144.359 77.7651 17.146 16.0119 541.357 537.349
internal_count=549054 517659 31395 24959 436984 80675 6436 4772 3329 18720 2794 15926 74038 69060 158228 1664 6239 5725 6637 6191 1443 4978 129754 28474 953 514 446 278756 276781
is_linear=0
shrinkage=0.0873782


Tree=13
num_leaves=32
num_cat=0
split_feature=22 27 8 10 43 11 5 31 32 10 30 43 5 20 13 31 21 8 12 8 25 12 37 3 39 9 22 13 43 27 24
split_gain=31.2322 10.538 9.98163 5.91086 3.7549 2.79613 2.32342 1.98375 1.7512 1.9961 1.69387 1.69296 1.61371 1.59847 1.49535 1.30676 1.17033 1.01283 1.00353 0.972203 0.888063 0.841904 0.62223 0.576988 0.573798 0.504086 0.586902 0.33189 0.288748 0.274206 0.181723
threshold=2.0133218765258794 -0.049779919907450669 0.52737617492675792 0.42910450696945196 0.16113512963056567 -0.29673306643962855 -0.090612944215536104 -0.0020948753226548429 0.31048813462257391 0.17285112291574481 2819.4377441406255 0.059369338676333434 -0.063397586345672594 -0.034133827313780778 -0.029699170030653473 -0.0057241669856011859 46.297832489013679 1.3869826197624209 12.550000190734865 0.46587477624416357 -1.457715916330926e-05 11.335000038146974 3.834753274917603 -0.055388923734426491 0.73169490694999706 9.224393844604494 7.8848609924316415 -0.067905101925134645 0.98097962141036998 -0.012367271352559326 -0.025226251222193238
decision_type=2 2 2 2 2 2 2 2 2 2 2 2 2 2 2 2 2 2 2 2 2 2 2 2 2 2 2 2 2 2 2
left_child=2 8 5 10 11 6 23 -6 13 24 14 -5 -8 22 -4 18 19 -11 29 -7 -15 -18 -2 -1 -10 26 -17 -27 -20 -3 -12
right_child=1 15 3 4 7 16 12 -9 9 17 30 -13 -14 20 -16 25 21 -19 28 -21 -22 -23 -24 -25 -26 27 -28 -29 -30 -31 -32
leaf_value=0.028083802145621797 0.02055512058946685 0.0085267590936854432 0.0067172764229950282 0.0033751295219760281 0 0.0086859276514196608 -0.0096099352608685993 0.018542412874868953 0.016650113730037372 -0.012463270288657558 0.0053435915352264803 -0.019002503824624272 0.0077761885132060365 0.008099511967149255 0.032806416291699718 -0.0032447717020198216 0.004862467072311724 0.0027024067514281359 -0.008960725654098051 -0.0070574198829236323 -0.0041323400257777566 -0.00884442053624147 0 0 -0.00041241879726359261 0 -0.012176722216797334 -0.016002473070387768 0 -0.000374171200833586 -0.004131701622300846
leaf_weight=29.890859269769862 67.097737441421486 31.388391026761383 43.957495235314127 29.112435369403102 46.090770164795686 72.110170505184215 30.797462874499615 136.77740339684533 21.181240155419804 79.44043274334399 7.8262391833704923 27.807925660046749 131.30865700280992 71.244400007592048 221.4048617380904 154.32715903304052 15.820781160728073 25.191746972268447 104.0479138912051 17.765541268512607 57.183716878178529 180.4656874082284 3.4785024176817378 4.430631455150432 4.3010157002136102 6.558287765888962 211.93372049089521 582.98590303838137 12.481545027229002 9.5333794816397113 9.6478494755574484
leaf_count=696 2395 1285 1324 752 1777 8512 1495 4042 1417 8695 284 982 17808 2608 3135 51875 1929 1733 33987 609 4033 25239 47 343 562 3652 94843 267173 1131 3717 485
internal_value=-6.08131e-05 -0.00829693 0.0115772 0.0197176 0.00790398 0.0020746 0.00969354 0.0138732 0.00496098 -0.00211512 0.0280918 -0.00843298 0.00313699 0.00982618 0.0297014 -0.0123314 -0.00312286 -0.00812482 -0.00336592 0.00383715 0.00212803 -0.00686872 0.0188481 0.0254597 0.0126373 -0.0135897 -0.00908613 -0.0157857 -0.00755841 0.0053309 0
internal_weight=2447.59 1442.38 1005.21 522.625 239.789 482.59 196.428 182.868 329.119 130.114 282.836 56.9204 162.106 199.004 265.362 1113.26 286.162 104.632 157.451 89.8757 128.428 196.286 70.5762 34.3215 25.4823 955.805 366.261 589.544 116.529 40.9218 17.4741
internal_count=548565 479153 69412 12781 7553 56631 20342 5819 21490 12407 5228 1734 19303 9083 4459 457663 36289 10428 40120 9121 6641 27168 2442 1039 1979 417543 146718 270825 35118 5002 769
is_linear=0
shrinkage=0.0873782


Tree=14
num_leaves=31
num_cat=0
split_feature=22 27 21 12 25 25 4 32 11 26 17 22 30 38 12 11 6 7 12 8 7 22 17 12 26 25 38 32 17 16
split_gain=29.7505 9.21047 4.39347 4.34495 3.26039 3.17421 2.81424 2.44633 3.8185 2.08883 1.82312 1.70044 1.58012 1.48733 1.44453 1.4315 1.1789 1.14849 1.06335 0.934817 0.900118 0.87927 0.743986 0.678408 0.627306 0.372031 0.349631 0.261849 0.187563 0.010868
threshold=0.18131240457296374 -0.034791804850101464 50.989912033081062 10.875000000000002 -7.8186840255511908e-06 -1.6328066521964498e-05 1.7218497991561892 0.46934607625007635 0.52160364389419567 -0.034414915367960923 52.865674972534187 11.360637187957765 2036.9417724609377 -0.026315763592720028 14.280000209808351 0.19569892436265948 1.3952668309211733 0.49804049730300909 12.59500026702881 0.44803756475448614 0.89831516146659862 7.2686798572540292 31.735350608825687 12.694999694824221 -0.0098229763098061067 8.8382588728563874e-05 -0.040913976728916161 -5.983578920364379 38.152315139770515 -0.02182007301598787
decision_type=2 2 2 2 2 2 2 2 2 2 2 2 2 2 2 2 2 2 2 2 2 2 2 2 2 2 2 2 2 2
left_child=2 4 3 19 11 14 10 8 -7 25 -5 13 18 -2 23 -9 26 -16 -6 28 -18 -14 -13 -4 -8 27 -11 -3 -1 -27
right_child=1 9 5 6 12 7 24 15 -10 16 -12 22 21 -15 17 -17 20 -19 -20 -21 -22 -23 -24 -25 -26 29 -28 -29 -30 -31
leaf_value=-0.00073032487702745432 0.019496860428704101 0 -0.005014491641320477 0.0286344088395558 0.0035332607116444485 0.021367193644110893 -0.011983693162145322 -0.014265715556055223 -0.0079582366870699067 -0.00041767462734874894 0.0036437250219417366 0.0059259156151626373 0.009915747049595339 0.0040086279977340168 0.00025589515169354142 0.0081611514397116093 -0.0063502447646922875 -0.023147863605303614 -0.010667037593574347 -0.016683486067293595 0.0065392227736820784 -0.0036316401721756585 -0.0095218224726992418 0.012824820462072034 0.0049142889246018432 -0.0018206953335139764 -0.012767125747047543 0.013983977678085319 0.0075067215778654231 0
leaf_weight=2.2684387289918986 101.9103602785035 1.2932535341242388 4.8345234250882632 283.27880385797471 26.881475494708866 126.5273801118019 3.6808215412311283 26.920949061168358 25.28620465908898 37.865978715213714 42.550403072440531 13.648861348745411 61.936507748498116 136.87424584908877 10.232129355426876 13.968095775693653 222.12188197340583 27.591992102796212 161.96330190380104 10.328562661190515 23.423322618531529 34.504074760654476 34.516762679093517 10.331865157117134 24.289575748087373 3.7060885832761414 923.96616718280711 17.746693093795329 10.141914477804674 2.3899054948124094
leaf_count=58 2383 139 178 4638 609 4802 90 949 1199 12211 1498 916 3409 5111 601 469 70210 767 12083 127 3527 6386 5054 361 1542 392 405759 1543 504 841
internal_value=-0.000402655 -0.00613527 0.0157005 0.0215317 0.00280937 0.00533034 0.0239596 0.0106452 0.0154751 -0.0103505 0.0261157 0.00916818 -0.00343352 0.0121147 -0.0100198 -0.0047145 -0.0109511 -0.0172409 -0.00797739 -0.0070524 -0.00428307 0.00438346 -0.00312289 0.00462925 0 0.00787304 -0.0124106 0.0118551 0.00335645 -0.00026132
internal_weight=2426.98 1804.75 622.232 376.539 572.236 245.693 353.8 192.703 151.814 1232.51 325.829 286.95 285.285 238.785 52.9905 40.889 1207.38 37.8241 188.845 22.7389 245.545 96.4406 48.1656 15.1664 27.9704 25.1359 961.832 19.0399 12.4104 6.09599
internal_count=548356 530573 17783 8457 35951 9326 7768 7419 6001 494622 6136 13464 22487 7494 1907 1418 491707 1368 12692 689 73737 9795 5970 539 1632 2915 417970 1682 562 1233
is_linear=0
shrinkage=0.0873782


Tree=15
num_leaves=32
num_cat=0
split_feature=42 1 35 35 14 42 31 40 12 37 22 19 6 29 17 19 37 13 5 31 13 14 37 14 14 11 38 31 40 29 1
split_gain=23.113 4.72513 3.89622 3.24957 2.78449 2.51113 2.39068 3.57175 2.78661 1.57272 1.52517 1.4762 1.34321 1.29454 1.2408 1.08324 1.40755 0.933323 0.928072 0.898313 0.780918 0.771179 0.708897 0.644387 1.12671 0.546675 0.429314 0.401629 0.33484 0.286394 0.154832
threshold=0.058347292244434364 -0.033517969772219651 -0.020156985148787495 -0.021092030219733712 0.40708705782890325 0.22194305062294009 -0.0010970924049615858 -0.6722278594970702 14.47499990463257 0.12061329558491708 2.5582154989242558 0.81786170601844799 2.9661239385604863 -0.13032662868499753 56.181463241577156 0.36659328639507299 2.7506878376007085 0.0019054416334256532 -0.043779086321592324 -0.0028339473064988847 0.017285355366766456 0.13030133396387103 4.9830679893493661 0.37918527424335485 0.25809152424335485 -2.5303492546081539 -0.029319992288947102 -1.0000000180025095e-35 -1.059003412723541 0.69796425104141246 -2.7755575615628909e-16
decision_type=2 2 2 2 2 2 2 2 2 2 2 2 2 2 2 2 2 2 2 2 2 2 2 2 2 2 2 2 2 2 2
left_child=1 6 15 5 13 19 8 9 20 -8 -10 23 17 -4 -6 30 -17 -7 -9 22 -1 29 -2 24 -5 -14 -25 -21 -23 -13 -3
right_child=3 2 4 11 14 12 7 18 10 -11 -12 21 25 -15 -16 16 -18 -19 -20 27 -22 28 -24 26 -26 -27 -28 -29 -30 -31 -32
leaf_value=0.021500867186910598 0.013910801396997203 0.0010770201705569463 0.00012560299261073522 -0.012625365838864974 0.011869248569743871 -0.013178449319690399 0 0.0059228121698864334 -0.010942012882489071 0.025230967094102569 0.0061344812986933121 -0.013352068789431546 -0.0027512266810258749 -0.012101781013576373 -0.0044873064717573475 0.018849453999884101 -0.0021703041399815694 -8.3973250389315459e-05 -0.011804321806109073 -0.0056175087923352627 0 -0.0018432307896778474 -0.0027209594702850134 0 -0.0029821326435265586 0.012728423625758233 -0.015308721743175442 0.0051979641692823245 0.0052939899302016516 0 -0.0065680891063202643
leaf_weight=46.062043985933997 90.87786990927998 13.054648560239004 81.990660284413025 212.5973098432878 97.8610367612564 118.22103295521811 13.770823631901292 46.352016059565358 58.56458210630808 261.26712729909923 51.993663303845096 26.149071268562693 3.7580368560738888 141.46606103697559 25.450022565259133 127.76323183946079 13.52057738532312 83.823760379687883 11.766671805293297 35.350101096788421 7.6282747711520633 83.149802593048662 3.7992334836162618 6.1789173883735193 244.69703393726377 18.102019302546978 369.40582424233435 24.722916247555986 60.501591236970853 6.0690843552001743 5.1678277113242066
leaf_count=1029 7951 308 9220 96385 6737 36107 152 615 2224 4429 2553 8845 155 15595 4492 5000 272 20087 177 6383 180 20491 77 1321 109415 997 161091 3238 19582 2179 214
internal_value=-0.000192843 0.00974288 0.00329696 -0.00749672 -0.00175565 -0.000262008 0.0156805 0.019927 0.00515736 0.0238042 -0.00241152 -0.0100446 -0.00620249 -0.00756554 0.00758396 0.013761 0.0161565 -0.0087664 0 0.0074267 0.0183511 -0.0017444 0.0119335 -0.0115816 -0.00806224 0.00756059 -0.0149153 0 0.000814748 -0.0108574 -0.000808063
internal_weight=2391.08 1003.68 506.274 1387.4 346.768 378.655 497.405 333.157 164.249 275.038 110.558 1008.75 223.905 223.457 123.311 159.506 141.284 202.045 58.1187 154.75 53.6903 175.87 94.6771 832.879 457.294 21.8601 375.585 60.073 143.651 32.2182 18.2225
internal_count=547501 53197 41838 494304 36044 74995 11359 5373 5986 4581 4777 419309 57346 24815 11229 5794 5272 56194 792 17649 1209 51097 8028 368212 205800 1152 162412 9621 40073 11024 522
is_linear=0
shrinkage=0.0873782


Tree=16
num_leaves=27
num_cat=0
split_feature=42 20 6 10 19 24 40 41 19 16 25 3 19 20 30 29 40 0 0 13 15 29 16 40 15 15
split_gain=21.4993 3.64072 3.42598 3.29917 3.28195 3.01301 3.00351 2.50265 1.86923 1.66196 1.64432 1.45476 0.975405 1.34796 0.665456 0.570883 0.507635 0.527493 0.215949 0.215809 0.209808 0.206292 0.167392 0.0379013 0.0239999 0.0116116
threshold=0.086264654994010939 -0.1152733266353607 2.1442828178405766 0.21962843835353854 0.70059165358543407 -0.24586448818445203 -1.2393184304237364 0.23908907920122149 1.0805314183235171 -0.030232455581426617 -0.0011322013451717792 -0.14750905334949491 0.34975245594978338 0.014009779319167139 1739.502868652344 -7.2845036983489981 0.14180122315883639 0.12801389396190646 0.83870732784271251 -0.067905101925134645 0.20781619101762774 1.2764967679977419 -0.020255189388990399 -0.93746420741081227 0.042406974360346801 -0.29047557711601252
decision_type=2 2 2 2 2 2 2 2 2 2 2 2 2 2 2 2 2 2 2 2 2 2 2 2 2 2
left_child=1 8 12 6 10 -6 9 -8 23 -3 -5 15 19 14 -14 -4 17 -13 -18 25 -21 -17 -15 -1 -10 -2
right_child=2 3 11 4 5 -7 7 -9 24 -11 -12 16 13 22 -16 21 18 -19 -20 20 -22 -23 -24 -25 -26 -27
leaf_value=0.0022564319719142857 -0.0003962506471933001 -0.0091674287446557416 0 0.0089217923980673755 -0.014093781505611153 0.0092759094548287672 0.021581320819318482 0.00093747958941203552 0.034120033181336891 0.010706669547077084 -0.0077736389469596863 0.003548232293795531 -0.014764496684788846 0.0090653150894676147 -0.0050093713850585348 0.022037085760419357 0.0075422097392158121 -0.0094304940345841803 0 -0.012440715182383912 0 0 0 -0.002075165628702043 0.00089013137367014252 0.001848110111423886
leaf_weight=9.6298637599684316 2.147069416299928 53.025060636922717 9.9633164481492695 31.043988654389977 23.488905770122074 445.14346253481926 223.20351904025301 71.093323028297164 44.504033194854856 33.858264083333779 211.13336178974714 7.2751408357871687 77.186179902928416 18.351111283060163 416.37047540428466 19.115013519069183 26.677608407568187 51.452030299871694 12.888797450345008 558.67056647749268 3.7391970162279895 7.1444674140075213 27.494787626783364 8.0147716524079424 8.2773123621009272 2.9488507841597302
leaf_count=137 1026 1078 201 985 387 34302 9891 4842 655 2862 22792 614 14636 4019 169323 389 5763 6580 3888 247603 1657 144 13316 151 86 1549
internal_value=0.000168236 0.00866766 -0.00771727 0.00695589 0.00306486 0.00730799 0.0133837 0.0173454 0.0260964 0 -0.00466313 0.00436559 -0.00933728 -0.00585709 -0.00730646 0.0155117 -0.000923734 -0.00595954 0.00425844 -0.0121218 -0.0122898 0.0195164 0.00547389 0 0.0321406 0
internal_weight=2403.84 1162.42 1241.42 1091.99 710.81 468.632 381.18 294.297 70.426 86.8833 242.177 134.516 1106.91 539.403 493.557 36.2228 98.2936 58.7272 39.5664 567.506 562.41 26.2595 45.8459 17.6446 52.7813 5.09592
internal_count=548876 78168 470708 77139 58466 34689 18673 14733 1029 3940 23777 17579 453129 201294 183959 734 16845 7194 9651 251835 249260 533 17335 288 741 2575
is_linear=0
shrinkage=0.0873782


end of trees

feature_importances:
Column_12=26
Column_44=26
Column_43=21
Column_22=20
Column_42=19
Column_8=17
Column_19=15
Column_2=14
Column_11=14
Column_17=14
Column_41=14
Column_3=13
Column_6=13
Column_10=13
Column_25=13
Column_21=12
Column_27=12
Column_14=11
Column_15=11
Column_30=11
Column_37=11
Column_40=11
Column_13=10
Column_18=10
Column_31=10
Column_32=10
Column_35=10
Column_9=9
Column_26=9
Column_28=9
Column_34=9
Column_24=8
Column_38=8
Column_0=7
Column_1=7
Column_16=7
Column_29=7
Column_7=6
Column_20=6
Column_23=6
Column_5=5
Column_36=4
Column_39=4
Column_4=3
Column_33=2

parameters:
[boosting: gbdt]
[objective: lambdarank]
[metric: ndcg]
[tree_learner: serial]
[device_type: cpu]
[data_sample_strategy: bagging]
[data: ]
[valid: ]
[num_iterations: 130]
[learning_rate: 0.0873782]
[num_leaves: 39]
[num_threads: 15]
[seed: 0]
[deterministic: 0]
[force_col_wise: 0]
[force_row_wise: 0]
[histogram_pool_size: -1]
[max_depth: 5]
[min_data_in_leaf: 112]
[min_sum_hessian_in_leaf: 0.001]
[bagging_fraction: 0.414044]
[pos_bagging_fraction: 1]
[neg_bagging_fraction: 1]
[bagging_freq: 1]
[bagging_seed: 6]
[bagging_by_query: 0]
[feature_fraction: 0.530368]
[feature_fraction_bynode: 1]
[feature_fraction_seed: 6]
[extra_trees: 0]
[extra_seed: 6]
[early_stopping_round: 0]
[early_stopping_min_delta: 0]
[first_metric_only: 0]
[max_delta_step: 0]
[lambda_l1: 1.23285]
[lambda_l2: 21.9019]
[linear_lambda: 0]
[min_gain_to_split: 0]
[drop_rate: 0.1]
[max_drop: 50]
[skip_drop: 0.5]
[xgboost_dart_mode: 0]
[uniform_drop: 0]
[drop_seed: 4]
[top_rate: 0.2]
[other_rate: 0.1]
[min_data_per_group: 100]
[max_cat_threshold: 32]
[cat_l2: 10]
[cat_smooth: 10]
[max_cat_to_onehot: 4]
[top_k: 20]
[monotone_constraints: ]
[monotone_constraints_method: basic]
[monotone_penalty: 0]
[feature_contri: ]
[forcedsplits_filename: ]
[refit_decay_rate: 0.9]
[cegb_tradeoff: 1]
[cegb_penalty_split: 0]
[cegb_penalty_feature_lazy: ]
[cegb_penalty_feature_coupled: ]
[path_smooth: 0]
[interaction_constraints: ]
[verbosity: -1]
[saved_feature_importance_type: 0]
[use_quantized_grad: 0]
[num_grad_quant_bins: 4]
[quant_train_renew_leaf: 0]
[stochastic_rounding: 1]
[linear_tree: 0]
[max_bin: 255]
[max_bin_by_feature: ]
[min_data_in_bin: 3]
[bin_construct_sample_cnt: 200000]
[data_random_seed: 6]
[is_enable_sparse: 1]
[enable_bundle: 1]
[use_missing: 1]
[zero_as_missing: 0]
[feature_pre_filter: 1]
[pre_partition: 0]
[two_round: 0]
[header: 0]
[label_column: ]
[weight_column: ]
[group_column: ]
[ignore_column: ]
[categorical_feature: ]
[forcedbins_filename: ]
[precise_float_parser: 0]
[parser_config_file: ]
[objective_seed: 5]
[num_class: 1]
[is_unbalance: 0]
[scale_pos_weight: 1]
[sigmoid: 1]
[boost_from_average: 1]
[reg_sqrt: 0]
[alpha: 0.9]
[fair_c: 1]
[poisson_max_delta_step: 0.7]
[tweedie_variance_power: 1.5]
[lambdarank_truncation_level: 30]
[lambdarank_norm: 1]
[label_gain: ]
[lambdarank_position_bias_regularization: 0]
[eval_at: 1,3]
[multi_error_top_k: 1]
[auc_mu_weights: ]
[num_machines: 1]
[local_listen_port: 12400]
[time_out: 120]
[machine_list_filename: ]
[machines: ]
[gpu_platform_id: -1]
[gpu_device_id: -1]
[gpu_use_dp: 0]
[num_gpu: 1]

end of parameters

pandas_categorical:null
